$ANSIBLE_VAULT;1.1;AES256
62396661666162346261383739383138343637616636626338343261373464316130353536323864
3962326437383532666433333165313164353236613266390a333038646534613733666437363637
66313164373763656266383733383439633136623739353935666137653433313336383564303863
6162366332626437340a386366306334653663386233323861633432323461653061316233663539
34613466303465363764383966653734613133623631376235323836353366343934333661383833
33643935353739313864343030653762376562333831313639663562326561656430343530383763
31373961653931386561636533366335383138643435663531346436373334373132396635343436
30636534626565646164343631356339383237333231633362333639373832386436396561313163
39313737316666353438393233356231663436306165393739623737346332313933646133383261
37626438656263636166383335663030383061386335626535623733303035636363363132383638
61363939653363653434323964626563346330306539396333306230643638323963343666316561
63393639323362326438356466656262333464616531353935363234333163613430623032303933
30306562363035613361613161643361643239393733613832393565323333656638346238643238
65663762643839316261656530393661643232323833663935376234373730306632353230346465
61613161633737376335383665653865653564383535343833616138313664636438366362616130
33653633663235643733373435623139633565656462643662653430623535393637656531616633
34313538636535313564313733383437326333343364313239356136383934623064656164326436
31353434663061633833613232613164366563363930383530306265623937623864656339383536
36373162653739346334666665616231643562393439356434646263353131383362383331343134
64313633653861613334313263373233333037383832336433613339646663393163386535373133
31363038373935666465323766373866303439383531303035656332623763653033666433303835
30303466316635396238356430376233616130623562633566343863663263626566313837623832
32626232373233326437333166346564383930343434303536363237616636353061663065366366
62653962376531616233633931636130313665663537386166353761313430643965356430343635
65616338656263393566313533613562316231656237326530336334653764616461383534626331
36366236643931623565366130636561303838333565616635653639636634373932323165306262
34333737313139656265376335373136356164326261323063323661313637663739623861373330
63353430663836626364313432633861343931623736323964366135323336343763353235363164
30613766356635353430333362333238343337366166343238303839336534393861343337653865
33373637316539623135656361343862316665356238343862333865663735653663373333643763
65613937323564626666336330303630666463366238643730653834333939663161363166623734
30663866653234356633623335383663316562356337373934313262333963343139313336383061
32313235336535333265323930613338366230636232316361366638313737376535396564353639
38313938326262316466346139336231643666376534393839306534623139333535613830626630
33356332626538343363363831623964363766343938393030313965333563323262356139366264
39633634343165353833393863623361393064333532326430356636636662313639363130626336
66643030633266643939303133363665346266626137666438356636363531313862613635346439
38663336646461366632666338306434623163656138336631306464343030613034376464666564
33646637353137653736313262396430393966366266323837653063383662353731643832373536
66323031643939613436633536383164303236376263303634343266313037666133646431313036
62623837383338323533343061636664343030623936636330323837616564643663303162343931
65666165663665343536373361303137343430333666356265356236376138653530353536356266
66623330623438353965663835313437366666646635396264316530393962373362393066333938
63303338303030353961316330366261316633666665626633623432396666623539306134316439
38366663386364333238363033623036366532313466353265313138383162656137396662393761
34353536663861613264313731366237623761343738316139663336353336633965363063323765
64336531303135356262356466393333326434333439616263396136666538636638376536666333
37633231313166383332353139373630363534346136383936623064343461656638656438353933
36623065633039393065336637396665333035396264376637323430393733366532343738656462
38393935616563363834373861393132303234626466636632633633386466393761356530656461
62636463636564653063346263353161656635616264323066343566656135653631393963613361
36383466376531636461633037646662323038386134376538323162613262643362303634363937
34386463623534383362663230353231336638366137323532356134353237653037303663633837
30663237306538343662303164386539326633373532393865326231353061613031313533626134
35393939383231313637323335666537353431643733393866383162376239363966386136346462
64643963636635386663323031306161326336303733353366633332383135356135623231636261
32633732326431663565373535353464656434383339303732373966613864366430366431363365
39666532613865663864653736656531343133373934363065303036663764303166653633666331
36323330306531663331323765323436633466393266393132303461376536313661626366306437
35646430383334373438306438386465336331313834356230653733623035393731346634383334
39663631623232323066373265306630313430313361366637363030376363316530383562336131
61386233346337613333363363363461323964356538663263633533326630336161356537313831
39333639653364353730613263303964663236326663373164336238396162643838646261343530
64306464386637353865636263653032633832383333663638356439316661356338656336386630
31333034363065376634643032393637626561353136623538323662363466633038333461303034
62376162316432303331326262643932303735333232353830346530323966656631363264316235
35366539326131363534396363366437356537633165366563353463313139353965326239333064
61393034643864386364313465313731663533613961633837303564313763376536373538353837
66393339643936316630663835386665643731383834623963613364333332633639616633343266
39343461346132346334633735353365353339636334376264323234626561336366383663653565
39333336626637623537643838333330343838636534626339643563643839316162343766323563
33663533323731343430636439373336316138396662383137316464396662643535316636383636
37313536353036663165643931643436343164396639396461306233383538366431666333323630
37363166353332656233363738323761613932333563643336303438303364313834663938336437
33653866333662616431323163613834333336653865663733373437613235323461626235343837
36303866616431646231616138333635363730366131393731333266393361343961663635323661
34646132633334646363363433656565303733323538646138646662363739613134383235636166
65366335396131366439623134363731663264636535383631633562666165366330646565336134
32373538333334666231656433363930656663323634666431383531333839343733353337306563
30623963396333303364616266346535356664366632623233613933663464633736383235353431
64383864653132666332666262633336336265306564666566623532646463323739313132373239
33396265316566653362623037386130363539363231653039383134363135393935306566663237
66343430643035386438306165336636653739313334646236346535623063323938623938386437
32333634366630323738616566303136366666383233333264316332646132316230386639646564
65383933346366386335386430316664346463666363626136346131383862363438383538656637
61316434643337313461653636633864633464633065653837353765636365653834313332343934
34346365666339346364376330393964643331643736346561313131303066376337343537313566
66353931326265363031373739303735643433383830353136313530646263623631323163376537
31336664393430336634613464353930353730396534376162343666393966663431
