$ANSIBLE_VAULT;1.1;AES256
38373765353632623734343864323233326262316234326534303263383638653766336236396638
3139656563633930613263613136393837626662613636620a373761316434343334623834326438
65363132333966343837396430393565303632363532346265613964343239666436373835356632
3531383433323762650a643862303635356631656535313062613430313734623735633838666166
38373763393838343264313035306334333665373839346465323535303331396338323832373538
37363735323264363561383866376337353534386234663939326235653633303265623062626435
35356563386339386533346461316235303839306365623537316262393533333533356239313333
34326530313631616630623931333561373466643333393735366166366138313464383563633032
34643938613632386562316139626235663936633863393536316265316265303134663131626361
61343561356666343739336163353930396233306539333430653464393538306361353963336463
37643438633365343530313362623637313963363261643730346366376132346436646664623863
32633233393335613436333733353265383661336337633232373961636231663466353830353861
61613638306162663437356562303365656435633633643365333666306236656464666262336535
66643034366236613039653064376561303665343731376161366565663366653634303465636237
34336664623835396462366561356362353966643533643565643566643537373432666564393336
66373761323135333235636631613031373634306539323338313762633032613239333333633435
31386537326566303638653166353838663563623661376437616566383238666434643665356362
32333666653038363130616133636231636364653965316132353338623033393934623565643736
36656436353535316466656230646230333131313561623763393064626538616336343339363166
37396564616335316364396564666261666231616538356162323764393433666131313937306133
31386434313436636338666535373761306134393436396335323233623637366264353563646531
65333239313163396663393062326637333534656263646337373666356536666564336635643637
30653465323966616163336335396333376362356432626161383164383130366230653331383231
63323239373938393264386230376262303063303630363731353463616539313837613466623535
63303564343663353032346366613466386231386632626565353235633930306464343361336239
34383330336164383161313334373834303233383136643933626239366662633266653035623562
39626466613734336639653665386538386436363066643635663730613164346163633437656164
38396363373639633566363062346533383039303366363434363933323163303932363939613038
37646639323737316565643137336630653831393732653937363764333732353237393265303461
39356261666333393366306461663739333962646163663231623963646365356532336639666339
37376461386633613638366231306666306432373161326132383536636131326137633736343134
62633131626434326437303731306232316262663866383638616437333535306361313264393835
39343766643262346564303430663934626263623832316231303564383831623336393537326463
34623662633431356630373831626265326365343533303465663333323063616139326665313036
30366464356439616465356662306231663663353833623836623830643935323765363662313231
62643861323337633932633363373133373662376133303235383738396363656231316638356434
66383363336438306638633465643733616535316266646433643939623435633730613566333636
30656330653536303634663962613230323035333837313038643036396661393566663864313836
34313531343834613639333438333833306265636535333939373033383030353166306237383032
35616333646166626333666261336134353866333333383061663532323262376436363539373765
33386539316539333037626530636137303839623561363839363463393432326631643631616363
37623232313463376237646239623430336661616635643036306439343261646561376438326261
32313263386135356462373966353065366364383539306536346635396563616537376535646634
34623832343365376637376337393066393363336139663735303833383938313436333866363035
33313232643432363131343837366263333933343866623236333365633834356330346230663632
65316664343038306138363834383938333438313437386538643231323931376666333135303039
32366663313234653430346238643735653337666137653231333966313732626363663839366338
33326430333138646166333430393038616336613534306135626365383032643037623530653437
31383565633133326665353963626164313266353034373832633932653631393161623734316630
35343538323938393161633930343762383761306461666334623834303664663039343264646632
30316363303562376664633465313332316232656238626663326465616139313734373633643530
61646365306337643366653338616338623330626636613161386365666538373664623135376531
63396436626331663365323335396436363137373032393461633463666264376462326333343734
65306133383134393330663763346461303439633930336330303763313637643430383239343531
66613833323232643933663737323435623266316237333737383030313830393863663437383530
65633035323639353738346665623663623239613564323535373138373939613037386335363531
39383164323163343261633332343831323739653238376264616330343434636130656565663263
65383539323233373835383261666631336462326132643735366639613531303036373430356638
62333134353264623363613135343764306132383139386536316430643930386536663931363531
65323562313364323932363063343065306633653832656464663130613334396362333631633230
34613638333364333262336237616238623632663538323561303531643933383661333765656133
36326636343066323832623931663333383037653961656437313530343165633836343137323462
63313564386163383233333566336663316230613039356233393939353739656163373365643039
65333433616561633237373362663230643334623763353736333361646437383462623231383063
61663834326365663835666466303932643930303461373533343337306566613964363037326130
66356132663662663437373834663431613062613663376563383635326361306133343965313331
32626663663836323464396533373530343431663934383137653730356564643064393433313466
64653036306562643832623030353966336530346633383364646431646665343332343636343133
36633734633832653439616166616634306233626138393533366238346533633437613936666631
30393232636432626137346264623865393235383730396464386261613063623037333632316436
33646131383961323966626638663434376435386232643665626133376535376632373734373139
32316230386637333738373630386334356632616339663262633137343763396336353366356265
34666262656131393930623664613261326132643531653434373435343936613734303734363535
32393737613261373662383562343332333636653238316465613863623738386563343739656332
35333766633638373932346366623633363764666633323737633137633630616463373838643631
34346539613431623462373064633733386339626236306438623432626333663663396563353966
33313733366630343061306464363964383132643732303661326136653739346266383730323633
62353864343166613430396339396534656564326533383031353461313435656436363562383563
30626133393165303736383863333539396238393466333036313631663162623635303432303832
66366434343839613334616436393761306331343466333164376331333230336631396637363134
64396631633831356561373334646333393531353535643636336662656536646161386630313735
35613564313537636164316665363861396638633262343561386661336364623730613763653930
64663335353937613530646466613931383961336362323634663633656263366432353430653564
39356334666237393566376333343733343235336535373833363434386161326231336161393833
35326536366563663934623065376331303864323264363038333738393964376635383433636438
30623237363463653361356664613037663062386536646536666266643134626232306438343864
34646137393661376433613137666537346566353063613639383165303032373731396261633661
31396332313537366638376666353738383537383163613335303932393662663931363234656234
39656564386130383638383534303239373463346632636435633965303433633636
