$ANSIBLE_VAULT;1.1;AES256
34346661363330336134303062616663656461663834383534303962653365313831383262323365
3237623862663463333532656661346337313363383262650a353166373132626634663832343462
36326639353635343835613066313161643564386463363631323736633239656434393638613935
3737303561653565340a376330663766393431653138373931326333633836643934626366643837
32643865356235333639353233396464666434346339333638656564303866366630343333363038
37353966656236303239306537666132663234363939396337373866393339353361396338393237
38376232653262346666323131623230396535393234623538333764343334633436346131653336
36343938343238383163643839353834336263616536663765363830356438616532376435363364
31613133396361626362613664383933383363623335356434646266393338326261393961343466
39316365386335383030376537396534646463653236643561666336653831633135643836326536
64636431356265383636666133613531313464663134313531333638316632646464663662363530
39323735646464376264663262656238366463343862373232353334353130323161333864356338
66383834383534326137363939653464383238313330303831333362366530353864353834666161
37333666663139353466316533366635343432376464333834623266663866666565653163653835
64623863383663393566326161616461663266393965663131333464396366646137343639333730
61616166343733303465313131623939363938346132616431623238366264656433323363643265
36303339313562343938353061316438383135326135346263633262653964386436616362653733
35336232626337636662323032346361346461316138393462333362383736343731376364363731
62383030303837663031393235313666383237376466303833383262633266323565356661633635
32346436633532663433653264646664396661643534663366376366366531316632393831633365
33663835363161646136316537336330633263346235643066383765333861616230363964316333
36666665313632343939323939323362356263643764643135636533656266633930653431653239
38643538316431336334313764306139316232353738666232333733613339343065303038626638
33376432616237313965663766353762366665326164336437376631323234383437366331333633
35313962393466633565366262623935353939333437646363323234386331643639333863643032
32666263373437626232383930323262623265663230653565353137386630623638646162333965
31636663333364306237313038623634316166383832636166396131336166663165326339343131
32616165653464363434303865353635653833336636613963666339333366383831326139343637
38303965343934356232643436303135336438376434623437633734636538626265653131316637
31303561396139316232323137373034333437373963636432323261363566613063326438303135
66383963353832643330333865653632313339666164646264303834383836323363633832336632
36353936313064636364343262313432333130316135316264373365373561623761643935313039
33626538393062613333663432343633363363323130376637376662356135643635383736386433
30633065623962333061396433366636633537316363366433363738396631373566353234343637
62376163333838363530353461303439653333633831376265626634333939383764363130636132
63663737633437666130333433636333373765343061336465643737653433653831626236653230
61666361346635353237336531343262333834356430613134313332373066306632626664323135
35326238656331333566396139346366633461366163663130373931353535363339643363656231
65313034333538376266323361666537383861656235626337386635356434656438353531346239
35346164653233633432326363386439656333303265356235656533666139626136623539356533
38623130613163313663363162353262656266663961303335343834623363366433373137623637
62393434303035363636396333623534383534363538303032313237356136613231323162396565
66376230346138333033666365383736663130633465373266646161346339623634376638666461
34333234366230646539643736656238343963373239333331663331343234383261613665313063
64643334383264626433343235323463336230366237353130373331343238343535353436303334
62306630313335643064303430366330366462666539356636376132303766393138326463663536
32646534623236653962623434363932383566306566303338653733613438336131393938373363
64316535633631653163336132373536353231376135306464366533323139356466643061643434
63316434613166336231333734656537303161303138326534393635313332383836646137653031
30313262643966646430663031616461613066653536366364616131633630376563383937613766
61373862633932346461376339393230633366316334363562386166363434386531623664353237
39636563306364636332383862313338323937643238313861353039626138343930333634663137
35323765613034396366326636396633636161346338333132303239643162626465313232316330
37346635303266383538373439306233376239626565363131633831646462333964633039613638
34373263613331393563616130363238393833626266646263646163373635313037626631396330
30336433656530316432343138313966373438643863643763643061346130303638646634306561
61383438366331333763386466363437393034343665366163306634366434623830313434376663
32646462396164633136623335303834393736616231636363613363396335363762353930356534
38356634613732373332643963323962373636386535623962393565313138366266393737653766
64326330653638626238646464343733333238383430383933666230643431376339353062653038
34376331616239306436616362643135343938333639336631303334646430336263326333343363
66643163393331313233323366643830633537396537316230383533663166646166613165393962
61363033333734353834323839363561373630633434363433363237383763356663313564643262
36313164313834353061346437326338623639623462323965633636373435613433643138363438
65353739646165366534333531383136613338316665356533643562626666303035623632396365
34353535343937333935643435363964656331306266636561616563613262376130653966383432
30353538303935613532303932336335336532386635663665386332346163643365326230663966
61373235383439396633363964303736383238383032356231383031303338663565303336363739
65396161383333616465313230373365653466363562396635326463366139376631663366623436
31326638323263363634373132653663386336646135333937326235303363656565653430666634
32393066666237653763613837626563666339383137353761383662663431396166393234326339
66333833346636333136303632666637663362343631326630383235366230643232303131613535
33383661303239386237353038373137303134656236313631643635636239323064343734356136
36663861653964653538643066626162363734623035343133653361343331613134626235626335
61316637663336643435356662613931306664373662633266353236626431646565656166616561
61623335626430303465383136396132666237616237316637396532343731333462363034316566
36343033363437373532653564343533306130656331343563653939666266313539653437353031
37313763366566653632663730313366646436663637623364386263633662633633363739643330
63653533643366393765653136646531396633646563323337326634343338326438383338663537
62613238363336366436393031643638383633396337343839363063353731336436646239363337
33343336333335383530663661383963643333386562643234366234373066373130653831633132
30646265396138326434326664663138346432373362366336326332393065613766383636373634
39656139663565393338353465613363386539373836386563383834363266323238636531396333
36333531626236303062333438356261353734653635656335316235356133386435346262373231
61646434366664383866633936653638356566376264393865303931346237356530623238373630
65356338616537333833303631646564353931663330653161333735343236313464633934383638
31323233633662333930313932376336393062623432306662663761653631333165396235626362
37316332376132343963663933333337636436396666376464343938333131383266636463663939
38393135363162656231323033663130336633366536303865313131336462653062
