$ANSIBLE_VAULT;1.1;AES256
34393836306664386230633236363239633763343465343163653466386361343130653533316535
3637393733396430376635383138643533336266306665390a356662343134623630383530363761
35396236623736623732353865653062396266326139383435616131626234623032383632646435
3732643637373830630a626237643038633764626464313334633661323063396535623864376433
65393439653861383662613862373131646666663063323065633965373536313130666165343161
62643965306566353231646133623638346533616532643730346331386237343236346536633161
32356265643833373763656531623463386163303234646165636234346336656638303834613961
34623236346265643237333166323365393630303332613232383530373238666563656234366430
33336137653637393832666533633166613532303835393035346162353263656336303631383833
39613137366463663233653362393731356638356439663662626232353831353430396536303133
63336231643061386565613337636664373337316432353563383338336438613161653366333765
38653134383037636161373863383531386661316330663538366564313334633634373934376630
65346361663235336238383130663161316131343638373937323130383733663234353733336163
62313966376434346164396662333633333737656338363432666238306234323034616331626566
37383766653134326162313233346536383536326330333133633338336337646636626663316665
61633361366363316437336536393435393036336165623238623361326533313938396665663332
62343135306530636662386332636161666230373034373466383537623033373266303138613230
32393439313435653132646562383036663061353363626262356530383561363861373735626237
64356662313766386338303131393432346464346139323665383036313763613832313032633438
61666335336166363535643932383739363561393332323439373862663533313432383235623932
30613138656238313765613062323530353533653737663865616136303533313263353035326461
35373464306639623761356364316330383762356539633331376539353863666335343065323066
66383334376536646134643538343439346165336533393434323234666265326639356665376332
37323661633366323866356530623866363961336132366439323539343633303466323535373339
38646137643037376163663933356234363539613133633061323131333135396131306666663436
35666639653038383239333264386232626136646466353032373233386438383538376666323139
39663334303863666433316237613738636462663861666362346237363938383161346133623530
36353536326136336532383236353730356166323030393266616337396135306166373835376334
35333837396561653262366561376132313863633538353238356132633932396330666533373036
62636363373566346531353134356138616536353663653962636264323464353761346236333038
66303661323337623534656232363430663266613465366338313461376633356332393230323030
34366131653164356466343339623134386363646566316562363339343066383065306464663930
61326666373637383162363930303163306636383638666166653438626338313532316337633064
61316461613434616637376333363333643366396233363834393337343231306231333034663239
38613134613462613133383366393737633138383864613137616165633961333038386466333837
37636563336639643537343535643639316662333561623533393338323461313235366462633430
31623536393532393365663633373131313438306561646566653230343166653064626337656535
66323036353833393564323439343539646233343930666433643633656634323939313665363132
32356339333035326165343362356332376134393365306331366335346232386533643431303937
36333464373638363166373334306665303666343430376631643230663235313066323630373437
66373665623334333763393531353937336664356435313630376139383263636266333734376164
36313836356662326664653634313166656262656437613530303265303261386534306538613962
61373164366533613830613763616131333336373638653661643631363461643464366463633134
61323732373736326565376563633532393563633062626262346332366634303033643662613964
32656664393930316166393636323938613631393066656665366632333339366136393939383861
38313462393533366630613636626431303363383931333066333530366262396461316338306339
33616236396362633833333236383835343437663237656633353363633534366535373535663163
33663233316433623165643662626538376133346463393334323535343837616135333464396264
32613939656136613962633130373463363761316438613662333561333939613763663430613435
38353063396636633633343965343139316462336232353631323665356438366533663362666263
63616536393165666134643362373232636337626364383138313539353532613335653731663563
62383739613161643236613264653330663961323665643663366363346265626363353637336135
34323064323739383130636233333561343761656236363137646133356236623838343765356562
63633832343832643337316464613335616263663734656138333237306236303030643066633163
36616666616263613735613338663961643364313831666534333664303064333566333930373166
63663439666131373032303032363137623433346164633632613034666334353166323762356130
34333536323965303534396263623233616163383530333365396463383331633531366132616162
62613433333834356433366337343532333863626630343030376161326664303639306638313833
61323462623836393636616136613565643766303663363830656362636262613231663431653961
64663663636634323436383137343861633361326432613866336466383830613834376565373333
64633335643662653466656336616236633632333731663061643731666264646261363663623663
36356236396431623838663039363338363139303462616265333661636435666438366164373134
35333062616234623662313638333562353565313161363738633233666537663634636339306435
30623830653439316533336163643066303932373538663830646634336234323536666331663965
35336431326261653933636462363835396537386635356633633636666436383662333434353965
64343064613132396438356533643562616666373039366330366538633537343965663533393064
37396439353237636531343734323366323663666334313463616634313130636664653362646361
63633433346637326132383737623064333538363835376333313534343339343665656635663833
33316330666361313433626265376265316566343666633835366466643265653930666466376439
34613036316432653137363739633361656337303835303436326330636637613165636565346430
61393330653333616463323765326130663239346338333263363930616664393464383765646133
62346261633833316262616163323738633239653331373637613062393765323339666566623238
63653061326631336239373063343564313863346264306265386431346364326463643363346339
30633038643537386531383334643430303630383430646561393066663733343932616238323865
66613862343530613566363865636562653630393737363062633431643463626130653231396230
36643261633565613831653337613865386131643464336264666433666537393131333832616339
33636361303961316165653436346331333339646332626236373366326231353533386566313135
63646362353166356631366533656465333836373266656537656334323237643130373237356334
33303239653737363833346465626664666465326336353061323738386230663565633935396661
34653034363338333431616132333937626263663766393631313861306331633233333935353765
34366632656635616539643530313633613030643465393436666135643433363036366331386461
32333234393236623031363434373430643966356335653332646266356131633935386564376635
61656263363663656233623638373464343664376466326534343731343633373638313839653261
35376432346664333338353634666566616636346263326434656235646661303663323863396439
63333030316664363266373530616331386632643237393738653333383438366366616363383365
35613065623236666331333132346239373935346563363031326164623431366535343639393436
66313330323862623134303763376236383138373035306634393238373138626461303363626265
62346438646330363935336431616230313835383730373565343039653264633931663438303838
38623034616233346231653364643731303364326434623036616232626233343536
