$ANSIBLE_VAULT;1.1;AES256
66383133636434653830313930356238386465386439393665323966663634643032653237326531
3562346534623234353065323830613135633662663436630a633736653532306165306466663139
30303432656163346333393333386665323839653239396336633561626533396266376631356164
6131383536663039350a396462633938303338626334656262626162366661633665366432663131
38323262666532623531396436643337653261643363383339356463656266313461303830336138
32363766633933316135633566373962646436643833646339653433363138323263333639616465
62353738613862353539386134386335336534383932636163303264323236626535363763663162
30336630623831313665613564656531393139613939373534393364643736336130353264613161
37653639386139303233613166353137383965313734623262373066353764613562343233313234
64356437346661323463303530383238353730623237313832333737333539383964626561666162
30613534343139383632363237656334313136313666613666343661666263313133326366376230
39386333336237616633373561653361363063346166323631333938643165326232663663303239
35323133663831313231366663366661343130623234333034336561313033356634356561386337
66626330343865396461303937653838656131643461366537316633363865623233363664343264
36666637633939366338666435303133383734663333616235373364653833663634376139333166
37303263323335383561313066653036623166373832656336343763353664386432653034636438
32643566626265623039353463633537353738343332633732636665373966346334633435613963
34393337656236616565303463666530393739363361633732336661313738393030613632323466
30393836336432616430393932336235313131363265396133633434623737653431303961613463
63663237663265623930303539333033333065376632613961303233623139306562316164633165
66343332646236343161313530323035333465356464366433363339663961383331656364666434
30643833316431353032363937633231333962346161626665363935643662353765353634323835
63633331393364393166383038333561343036323032356139383335383161353733653035613863
65656632353761626431323938383562636665386438613435356230306138313733346463666336
62343138303234636262633139636466323839306139326535346533383539323866383534663264
39663538313864396130373066386464326232656532663833326136386435656263326537646633
34653463363765316365373030366537326564643066613061336538333633306432396263623065
37343363323832363430396538663637356431323430336462313363663766333361383166316533
64336164643261643736353633373533633634386636653438656331623133326132633330646565
65323138656465306635653231373430393535393235663437366465303735346231343234346431
32653836356262396632316264613230653034396466316235656433633039346165643332383236
39393936346231626432326539336231613936306432653932306434346635653833303061353865
36376661323037343237383836633564363133633935366563366665376136366662336439353735
39313866343938363033653862386631356238623261363763383163626164613035633039383764
39346636313437323565656266656137376334323736616333643764393165373838336532656331
64653863306366646561613966343666626434396439363531663166626337386436623433306666
30376363653735643062383431636561613463633738383231333834306334306362353735313161
34363266363534313530383038376630393332343564623935316566363031653534376261343266
30306266383632356232383066633239633965383961623562363765663736336534323832306364
35326334633730656334326464313337333334376338393863656133393633633133616630313662
34616539343535396639646239343030623738313264623132373034373763326230663939343732
61656561323464343764393431363933363730343336663533636334323034646663346135336133
61306436366136653733633962393837356362663738393833346362323865656365323430313039
39393830633534626335646339343738353433663862306531613339326537306138393061343730
35333763333463373136376663333163396664336138646433616632653863323532386665373664
36303238333433646465643939376430363937306533633832383762663466306434633735393465
63626461326230653031373831353664623565373062326230303063663232656666383465656163
35376239393037323465346135633539363865663863613732366163353730356566393638396135
32656530363138633761333962656465336261663363643763333439393666313463323862613832
64653630646663613835663530306163316436666161616466396633343561623561626465353635
62313137393433326365303134316461646333633638633262613033663939633465343536636431
38363039393766336637363030316662613831633637366637353733326235383163656438383161
61643534623233333566376563356138366132353564626638653035643166643230636631316636
63656431613832306436303733396237383363383934363231373530353236356635376461353437
64643066303335386339396363353436613039663438636134376562623266643030346639643936
66303930316236613563633430316266613032663563373434616264353762336430643431653630
64653430613664316265373632666261623064333638633635346465306665666331326234623437
34643065303739353364373935363038613737323334353461386164623464623161393834633765
61653864663962656330613937356666653661333331656332373730396534303731633737333739
65663261653162323231393632643464343230353539656439386537656330333365396132383838
61656365336433656464376366373235626165363934343739373236346262633030623535356234
33346562376133383030343430336434323536356439616561303932663238363838323032626534
30343130663862376239386166633164353162393438303965383361626431646566613163336139
61316436633664643831383431383739363539613537373137393433393362323061303161646639
31613265613030373962356630613435613033356264636462386436626438343033643164323361
63323930653866376531333636313238393239393261656661663736346436633365666134613236
66613539396464666564663634386638343864663734396137313534363564353338633534613130
39303431656635343432393162366336333933643739643338636566316332613436623433613962
30343666646462663964613634646462343133346233306335356663646565336531336462363363
33323935303764333435643262663336363061313133613264393763323738393238303336386433
37303932363730643438366165633564303137646330323437373964376161626139303133363865
64663639616463626264363864663363386661613634316365336265366261616331346637363931
64373331643038313339323132336237323631343138653665353765623131613933663732353564
36373534653736373231396230393362336334646539616239323162373732376466613762323061
39653965323536663961323264373065663363366263383037303037613566333362306333346430
64313764663664613265343639643337303562643261643439366538313933373932376166313931
62633263646136653533633530323436393236663261393739643165346262646333393236663636
63313436653038616635366165373734323335653936356334383331346538646462326564343430
36636136636433633835356435393666366562646466393636323531373331303666383437626637
61623532636339313537656262346536366262646264336236643734666334613432363933303362
64663038393263346263616139633865393065333837353664326566336134643663636136616164
31613265636662313433626463646631373264653538383038656436343762616462363938343764
34366534306434316161623839633639383032313065353035383465306263303730616164336362
35336661653635656334616436613338633434653032613833616635346565613734616461653830
65356361386232666332656664643264376237346334323539643335356437396138633331363738
30653963343635373337656234393937623363383666333338303933636537346533663566653931
34373633636539613437353937623465383232306235656431663833613162616635303838613434
31316336333031393730663564643364323661313730343034326539656365333639336462333030
64346661633131666231343432383362373264343662373833393264383934393665
