$ANSIBLE_VAULT;1.1;AES256
30663465346638306165653137333032343236633938366162613136306331336461376366316336
6333316161613835633530386331356362326565616332390a313539363430373463396539396537
34336139373565386265383433376437353330663136306636626231366638353065353937316537
3038646164373331390a626234343832323461386535646538336463336536663266326237643931
32663138323465303133383965333736313232363033656435383862313065363465303138343834
35633930313364626433346135353630313966666334663739643431353862616639663934363033
61303131626532343361383432333162643830393431663532656135666131383732373639396137
65313138363463623834393565393737653637663864393664326264396365333836623732363930
35363933613135626562636161396233353566396138306461646235636136326435663464626665
66306466323931646234623066613538623733393137373430386130383762363135656432663536
63356266323739316361393839636534646462363131353062306662643038323131346138656331
37333039356637626139343039333439386461326630343061303230333265386634626630653939
65386133623438333163373066393634373738363731393232613161636132333761343631633534
32323234333237656331633862626232336363356266393663353635363037613130323333353563
34353639333561343364323930363936653762386238396532356166663733643834316435383062
36626331366563376438646363316536396665313237343533613030303134303665323831353039
34303538383838653831373662353633643430383338646535386562343930393463343239313639
33393566323738316365656134343130343364373662333066313335646338653331346139326664
66653930613163326666623133336530333433356537323965643131656131636261346131646632
65366261353732303539336534613862343035376438313065303564363334643036616136376663
35363537363832656136373233393139383566386437393430376635613137623332653036306635
34346535323764313166323339653061343361656238376163356139393665633630613031323037
34383737386337653634663233343333396430353430666164323661626664656666343931636461
37356230376263333966643962643065616636643733323039396230336361396563383130306233
32373962363864333934646233636162396161353930653038346236326665626463383862313064
36303638336464353233663761373632633665333039326161383131633062613432393364623563
31323862343437343739653433356366613366326366616439303931373837643931663738376134
63386464353733376130356537633036666533363834313932313834326538373439333033666538
66386666366232623564623664306431626636633233636461663737366334636437643736363736
61383166643030656239666433646436393132623666373036656231343530393337653633343266
39613962616431653332396535306430336337623062626131623333623333303232323633643238
66376264316130663233663864373663613730396133346564353466396130356431316564393434
38393130393766663931313736313339333335313432653161386466616133633530396164363239
65343363343463333338363539646361313932313838373834333230323935653334663338353666
64636534626531323165326237336265643132383532656264393865386362386361613432656138
31623438616264613466643764383437646161613032393766383034633936306334323130383264
63343464383631313937363933663939343937656562643937643737346338613031323937383661
38353361313663363838343334336230353339653564653334393764323132313334656535373331
38393964653933666639653033383464313934353838323838636531393162393163633766393566
31336331336330333964326664653235623031303262346631353338636334363864373832373131
33363064656632363038353137623336393964356239313232383836666636663961356134623935
61626633323866353933366235343934383333663039396265663538306364326637656434333831
35316332343833323036323739343064623238613931386463313336353335616237633635376663
38343131626433633061626632303665323164386436623962663863626539343665366565323335
61383632633437336363653237653236633638383565356533646334316365656133633033666133
31656363376464373639363265313362393333323964383764616630373436613434363338353138
34306436346366333665323562613838336234626237623431653436363837383336626634326632
39643034353265646561363830613664383630383032326138323537343263333130303537666363
64343463663532363238303262383732336463326138643831366464653031303266313863653732
31313935643230393036663130376434336261323232313132386362353566313536316561643136
33366339383861656463386236623438306236666331343638333265623736666135303038656135
39386232623665616535366238663838383838666237343537303731616234316135646231383833
32326463386431363765346639613030616538646166616336623131616639356166313835653733
64346533646430313561313730326238376665326632323135376236636535326435313962356663
65633631373635323733373132313330383433356339386263633435353530623838653336363161
66646363643338656665373039326534626663633635373266623235356563653232623062613631
66666531636565323766303433303066633237386462613039393665616364646239353131393565
33333335356436626336313136666534386266356635316566636237376162393033326239386638
30303434393934326331633136396131633562386161396539356433656336663531376433316465
33666238336434623837306465373731616338363234393839633330343536653630316539343439
30363161363339623561306332333436623939353031613531376464393239333066333931326233
35393763633966663665653862306339353763643662343566643064366231623463356337396538
31663931326636363061313863383561306463393334326431336436383539366339616261646436
64326665386235363931626466656437346134323031313233653766633834353039653830663634
66363239666562396236333366653835656464386132663334376462663238666234353836356435
64343963363330323639616365343163646462656536666533343862643833323635393438633062
34383832626161383263623463303864626563323365616337313436303333363030663239343636
30353139346364383065636635653066623864623037616134663465653535646266333933346462
65353936633636386137336235666338643738306538653939666465343135333335633732386537
35396137376364663035666632376561653835356634366533656231383631363734656234303438
38613037663061363964393630393634353938393831373766633836663330393064353335366537
65336465373634333461353832326639316166336130646337393035613062386561383234313064
61366166323764616138353261373834666637633264396461656164306238336534613165343836
65313937636438656133323939343939636339653934373434373131663364636238313234323630
34653466656263313234656331376266336363633262383738663863343737373935333536373164
36303465633538353231353839323862363964343331616464373138323161333534623236623237
36313739623964366162303365383861363565346262326666653533366538336236306465383631
39353833626165646566336533323566383432343161396131346230663737383032366164373136
36653236346431666231326435303630643463353766653139326566383136653039396636613464
65303730626563633166373432396331653536633865356632656436303963376430366461663561
34336439363739666634643334323462373433346236376463376436323664643761633332373165
31373730623830633635383663323832343230393032613834346336373735656633323937313663
35383839373462363166386137366364386563353331373532306631336166346236393337653634
61613337656435643332326238336561656666386138653537383935343562303462333661386434
34616433643636303030643732333235303363663334636264656666653263656332323933363031
62666438623165336138353064643439383263343934353663353432303235613134616139633465
65636131336537636532636134313363396530316165376236303630393662383534333165346633
30623633376130613463613136613638333064343931316532366533386230646462363139646662
62386361366666383338366634346431316236366131653439623938623364643362
