$ANSIBLE_VAULT;1.1;AES256
31313831383736313638646134366332343964643837323231643664633337346363343431616266
3361643664376335633134613364353632663265316630390a383639653262363339323938623335
39333139343730353336613733646433366438396435626530356531383836373561323033326538
3235643665623936630a613766626433663463393661326237313732353032653033626138323862
32363237366163643762613833383136666433373034363131326564353166333638386362356438
30366638383266336530623565626237373862646437616636313136313339386134333237393733
37343638616261396664653537346162643264656566633933393761323464623464383532333939
35303566333532313333396237306232373833636363386436636166363939393930373039306138
38626531656435656636323131613535646339663636333736323632623937636637613036343364
64393038623434643830363131356638373730333731333838373031653530313235363666333763
36616562616236303935303461326238383833383430666230333436396231303534353261623638
31666637386331316337636361383831333765396534376239326562616466313564626236643134
37616164393839323162633264396162636334376161306130343033323438626164323962633237
36633138376133373762326237653435353238363662336166646637353637346161613432303263
36373162366338356432626464386134643534633034333963346261616534393232386137353762
32316336633761393361316332363461356532343635643638396131616137353432373361643665
35613737616263363538303766326430666630323463303138346531643434646561646435343062
39613237636436633435613463313765656665326331343233393830353037303232616566623062
61366161666665313761623836353438656438353036636132653434323335356562626266376363
62623566333463643339383063323161626161393333383439616261656466666166336236323334
38313936663738616530396336383335393564663531656564623766306461613066653638383465
62666239656435653337326161326665393863336163616336313537396238366263356263363866
61326166656139366439383462303465323936366533616139396231303363656638393963323963
65353938386637666365366161396439326262363334366238323738363334653032666130326462
35626161313434633536376461323833666630326663386230643265663665656466616635336665
65313266356136313739373264353764303863643735656437323330666238616261663932333436
64353439653139633833626139353932393136343135303463376230613537613339623161616162
38633562326538663538663235363433353863326137313161346635366361396235353934646137
30303932313133323238326238363162366130323633366661343336613566323331333532633561
65396634343034643631353831313463326430633334613531386565613539363632323466333961
63633339326461666330303330643938383037636635333137346135326237306465343139316230
32666130333064656666373331653338653864663334303965336333316339623534373665626435
31656564323337613566633334396165613639353535623230343038333766636665373936643961
61643239653766353736313264643162623537363730666634663335376565613736636630663438
37343833643865313661396138366239623238636533396362313932633130316138333635316134
34323539366430343461636562383530613235373466303739316639643632613838323636373839
66373331623766316130333933633366323836303232656438353336366465356664323630383237
66616462393433383962663264643837373564346639316232366630326333656566363261643562
63353866626630653237343033356237396636343563303230613831326666633265663933616634
61346661313036373031646566386466363862643461643833626335303838346466323365666364
30653431306435333034666663356432616266383264383464323561303038323865336364643562
39353936633238663433363363393465336331643934356536343766393930363035396464656531
34363434333939373636373061633631643265666134626364313361313235306564393361616465
30383164323335313136633662323530636239346163356564613932623139633963323430376166
31326365656231633134613834383237656163386131396439386438333263306631383966326665
62343737363530383439373965333039323335366236373432643238323361363233303638646330
39613338313431623336303135636164333230313632626437623030613131313030343563656330
39303733626635646539343662666637326535316538626265656635336636323634356135343632
38323436353836343236663564633065656435616565623865666136333663373132343635316433
36623463623864363364393732383432653264303533336133656663623430313331393837353433
33333936306461623538393436333432623164343765323761313438663563333031656338656263
37356561396638333637623639636161393637353034316563636639623632396261333439633239
63346639323133373433346337303936633233333531326363373563383938303262303731363930
30643462393836653630393736653331643162353666663237613534343131633337373039323635
38613339363439313132623138663337386535323037336261383939356532373062626638376534
61613235306535303064303865636362363166633866323261323430396231376562326334613733
39636437653133356637373031663630306266313363363339366663356163656662363466626639
66383165666365373032663430646661646536623738323766333937616332323130356563313861
61393962366565373665636366653134626537383136313165616631313062363766303562396439
63623530313864313161626435346566323632366663386263313133613437636237323465623138
66333165656133323236316231366236363961653964666231376261396633666134613032366239
66643137363237393661306230663532376231323261663461316435376236356561643363646432
31363931313732643636343763376161666430346435336236363839353731336632646265663632
32353835613333383536653130333631306262343063653335616164323136306439653432303834
39623139396231363533336566393362353538373566613665353633626131306264303438326365
65313331353238353465336465326233396632313363316162383334666537376435633734313535
63613235643637343036656530326364393566316231663436663266653862366261616433376562
66613364316266383732643135356365613866383739326364323166663734386133323830306338
36306564323735316665633835383362663531646136383663393962653463383739323562373765
39626430373337626139373766393866343636303731313039336436303866343461393731323333
66653561393532323434616463373562323265343637613062643762623464373533306562373639
65663139333533346535646336656335626534373265646635646463346231636230343166653661
37653866653966336465343463303630646232353963616538353962613830333733623532343330
31386630323330353366313734633963343939313466396437633135393238386164613231333566
61623335326535313434633339386536633831316639353766383538393930363438663437316632
32396439396166333938646138376439636534623364303361663263313835303963306165356436
63353731636165303730633962303066323331356465623566353364626263353562613966346162
33376235643263353461316131373530616330376134633238613664363865353632313332383135
65643138346233363062333732363164653231333635346336363537343336373962303934386530
31363937363062306131666536333339303764386431313563313630313939313364346333303432
62666431623932663030383235393233623037623765306366373231656438663164323462383039
66666537613666343032363032326530653637373135646639353363323062663837366334393463
35343632656566366431616265633539356538633665343162303162343130383337613962306662
39326265633565303666373732323134626339343838363232333566316136353937666665663866
33336339383639363239663230333236396233356161383833366131303138633862616635373139
62316136633365373433656438353239393663326431616561663566616438396235363332646539
30316635306438623337393763306137376439633832336162313463613764393464386339393766
61313461363538303163653665383431623262306633623739393631653861666564656364656634
35376666623565666131373332646335663939303731353235633137396265656463
