$ANSIBLE_VAULT;1.1;AES256
34326637646263613538646638326132363334376430323565626662316163666664333830653537
3938353539373534326633666661373339373366373265360a383861653933396436363662363763
34663433646166643862356233313737656138346332653536656332616536383263326436323665
6132386665343162660a623037333036316538393435346638636335663035653266333265633136
65383038353463333062633965643364663964623964643066653763323339653334366636353839
37366532343130313039626435646637376535356434373266356331653235656566653938666161
31313762333061303830363034626266313733323633336136313266616136306232386430323865
39373236616233343636666330623736643433633939346533323634613036626439373161346163
61343339333634666266303262633961633537313266326465346135636434396433616364396131
36333636653630333639653037386631316536306465313966653264616538326662653736656431
32373063623233363664613335616462333533323531653434616664366465303165383966653666
33363835636230373565663138353732386432356565323732646638303134616237386538636631
38636134343462366234333135346431666437616638616137343761626266373730353761366263
36316331663333316661616234643562326439623837643033653038363631393831646435623362
36663536343435323766323162663565373765616666303065653937303533326337356335636164
37333832353465376562613561363864656237633661646562363337613230623863393133653866
61383263343162366532393865656634383131343362326661343564333961636433386365373531
36356463316237633261366536326134306439623263313032343239626364343334363130356664
37653864363663366139383166376638346263616263623130613536343965366166643337623765
31393737333138303566326230326163663933666232356434393738636432336662396235623136
32666666666330636434356165353138323233343637316336333234666633656632623366323733
66336563396366346133386235623631386230363032623030393066323966616665313838613333
31626232376132393430653339303633316436366433326365616233333437363836376366393764
31633261343238393861663961333162393961353862346663623931666266376563626436383263
34363936363862346164663733386234333230373531323063376366643939306231636530663936
66313564616337636266653631323265303665643566623138656161393930666136663837396333
33633935613935316265373934366633613664663365373535323431373462306138643234346430
35663934623232346230343566613839616534303438663330373433383933306337613964346135
65633265333165343631636562646566303264646263323262666131333334616532356462336339
33623562663663376666383666306365623630656333666335336365333832313037663830353837
30303134303139383761366438323864336438336365373161623161623339343239326335333938
39633335623432313132653438613935303731663162616566623965343630383632303435336634
63616632313463333438313831623862323261303666616135363633356430616263646461333936
35366536366338316533346335326363346163643630333232376433356163666436356561333934
39663663393265306533363334303964633666643066623832306534303837653766353763623864
61626432653036373837373565373062666431333039353838396666653135626562333566633765
65353035613964346434336235626666386337376230376161333030346163633036663432643438
64346337666635666438346261376331623165376134396531613364313330373838363864636663
63386233363538373238653130306235326139383933626538326365326564613337616565336531
65313136383436313761373937373638393931643138346435383264663731316561633034363261
30643966613565316262373737353662376165376634313466613832383532393833303832326531
30376430363331336437336331326532613432306232646262396131323465353136363365643731
64343538386233646438323162303530626330323437636230646365343563303630626164386661
34313638663336323531666232653737366164626266323430616334636137646230616436306636
37396162326238633162633437653163333063333339343430373964366134343538313932623063
30626139386232326566363261626465663134323439663861343239633365656134386465353031
30323263623832383864666531666264396166393332363063353162623363613239636330343034
32633835393038623933396261323432353061663633613861386231376132306461613339353363
30346662636161346466636131643863396564393363353965316139363639323437393334643937
63313332363634303366353066653539313837336433623763656366646139366361626265373635
31393134646334386334636163316639613438363237356562643936653762666437646466616263
31356635653434333765383461633039373837333163623335626535353838313536306330633735
62326438313337356539396531653130393464323834343965643930643835656466313638376333
37346234623163653532376661653230353432633862626438613064663766376362326339633433
62623666663538343738306136616637636364643163643030323438656464646464326562613835
61353433663336623064306534653536663835623238656461666137346561613465376531313031
63623738336464373531316638363964303466636335646131343733653434613338303761653366
32356163386461383830613065613136393034393864623035333363316631353537616365636539
38643964316532633866393631326663633337353463623562373035616432326362323338316135
34613866336563633039393763663161363634396634653538313634393439613230383636653465
62646634303934383239613035316265663635623536333165643333613730666130663438633063
31643438346464366231333035333330346465666138613037373265316231643439353330366431
35653836663866613731336661323465393032306534363833643938616365353433323565636338
37623032396334353838623765323938613964366332663932633764663230663035366635653562
66376235353961646338323838643233376132626534626335333633663066633838643136613839
34343362393333393932323336623637326164663535306564373434663530623439323639313731
64303462343238643938363538666231303436363036326537373230313462616363383565626164
36393934613562633737393334323237383262633964643230333738393061316330306634366634
38316136363831633333316535343864663865303330646363313137323233656136373838316664
37383564343731636330353835323034316238623962653564626139396262383566613231306466
35623839636661663666626264663333346231656433323766336331393930663433366263333464
32633139383236343337393364336664396239343939363566393064313264323564626636623330
37323365376232323565643832393066373863396230356537336338336432656162386338653432
62383436373665633135336331333761613766343364356433336434636134306135306231356237
64346137383565313039393265386363386565323132373632316436353937366161633237303137
65356633366135363263353164326137316366643962636235393635316535616230386236626662
35623366313566643937663934306334383136396135386231386338363966333066343364313865
33646431386466376661653662396333373830613333353731333863306537366434323262616432
35663838666638333435666266383061326338336364363039313435663135643162353931656364
38373337303738383933333562393831653135303832383763646438633834663234316466386537
66383333616561333930303738623564373734396438656464356235363861626430303235366638
39303366613861386434303963396431306433353032653933346330306531393966333839323166
63663534643935393664643264386534393366646332323234623231366563376364306431316663
35363037386432333364356236623261616561643763653531666365356235363261326161323636
31396238633033613932366162616164383664336635343235663030656233663534396338313139
35383432666438306663323662623936646437633963313834343766633536343265343530663534
37633830636333303431323534323230633432663163313433366533653133336332373638643965
66353936366464373265396530343364353531613161646336383135343531623131353730353766
34656461383331383230386364313139333036383432653065623634323262383239
