$ANSIBLE_VAULT;1.1;AES256
66373363316236363038336239313066636137316263323264363238323863616431386435326363
6161636438653236383131376135653436353363346132650a313666336664643265393765653766
64363236666436633632613730396231633966346362343366653761303533646663623966316534
6434366435623235630a306339643635383336343634376361663466306534663737313235386465
61643862333737373363613235373836316235363837636161303661356237386339393731343163
39653065653866653039616232663631623865343335303563346439656165636264323465363461
39356533396639613661333133626432323734386438376465393934633936666466363830616235
37623066303230306438653665366164396638636335326465336338333238616530323738393763
38326635393135376261376566386335356432306535616162313832393033616132653966623830
31623430363564623731653964373565646234323033623561366139396665373637656263356334
63313039623133306533303361303065613937353833646237613561663266653861346566373234
32396431383462336439643337343831356532336266393938333061343164353535633135323937
38346263383034393534363566363832383033333831353062636666343733616132623232663565
62346462316337633132353830376436626664313066396464303430346635633863636539666138
39613362333065663862346138396165386234393631623666653532373530383730366635376262
36636239386439333736383335333063613663636430386438363162386561396637336535636136
39396336316634646437343933363165323862333066373863643334666238663135653465323631
66356236383334396664366535656234353664333562613934623438333131616264616533663862
36666139366131646661643235336564653138623839313830306263366462373238323962376132
30363531313164353661666566363139333536383632393230396461393635353336353462323032
35373236313332323666623532626263373537623361373966326231663736613237366562366563
34393237396164366335613731336230353562373930346436323338646438623332656335633536
39316531363566613739616339623465393035313034626638613566323934336565343438666565
39353531323763316639353366626238326464636361646664303530646238623566333062393730
36326335343263613232353761313730333232626532306363383035626338613761366164666632
61386666613364636639643461333665333864396332373263323134653639346231343030356434
35356661666666356138386233383366613636343734373561646165653336336563316332633662
30336133626335653066663830333063613838666230643264653535376338383333623639646132
37613639626437626132383163636534646164346263356139353435633963663363663733343239
37333037373531353566663038636335613130353632326533656137356238366639343065333937
64316639636236303466616364333639303866326532656639643762336666303939666334363763
33613739356464316661363362353365393138306134376666316165613565333833613961373766
30613033326434653463323137616664663737383037653962363430653937633736633264626435
36646265663436313236643030313432393064333965613835653665396236313834346539353466
34656631393630383933353337386630396231396161396366366662393739643932396432663733
35356165353866653161663364653364323832323435613238323538336331666634366534663933
35306565316161626361316166386466373138313462663434646463616162643436323961343861
64633966306562393137303933346535636238613462316536383033326261633734383165663531
39313431313535353335326237383138323138386162363932323066393231303863663635343231
62303964383164353830373065323135343939396432323831366238326431373534336561313566
37653338353038363264323731613964343633383932666363313131323864353034383836346132
64323132623632383637633764343938323235623835346165383732386661353436633634656533
32323331643962656339633537306433636432656561643135613032393433616561623332346431
39356233383338343061396133623462666362306631393261616436306462663632653863393031
36303437613133336634303635373463663332626361353732373732363736336434653739366631
62663066633138396365326663373464626163346464376530613932333133346138396334653636
64346630643533616438326164316335373365663237633263623130333532346532333362613435
31616132663134613330663137383530323466353364653834303063353736656137383339343264
66373836616439663832663639633939303334313763356633303535616364373766303531333761
30356334343831643862313232363631623337396134393932623266323339313666396339353763
38663161653663616138653438383865313430353663383537303966363666353538323831646163
31393132313064393463653836313030393730666630356365303537346531353364363861343839
30616338393230383636623630393966353236626236336264383939633634633463303866383337
39356563663930396365316633626434313933613233313565653963316264393630363435623066
62653931333561363432653432343934343632353162386130333032313733323666613730343034
63336634656637393936356438306238623033313034353939326661353534393036633365336337
32393733383465316362313064383364373736646536343064623565623138623732323064383464
38303535313634376534326436633936616138623262336136383866373662616237386162613465
39353166656261643466646161313133313535636539626338613238653536383766353864356437
39303536656164366263393562363861356335373638356365336665363135336665383466646662
32663730353663356633383033376232616332363732633839666463376535623162383135313435
34653961336536656134376533633238636231663731326531333731386662393831663537373661
36626363653862303738376331346230623865656534323936393366643332303566366231323638
39633462343334393730306163666230636531333338323464306263653837303765613562343031
38623535343036633365303665643433663866346338636438333630626262613534666536323230
62643938653734653034326236633736393034656663396434396631313439333731383036613833
65666636393731326361666631393338663334366530303834346230393666343331346361666234
63373231316561353262353664666262383961666264386239623337653332373961333231396131
64626435626564346264393330326138363738626633643032306662353139363839613964663238
35656264666436343931333064373635333031383532303566383864633261363134646464376232
33306636353239616465316239313131613130616461653739313831313833323838353830646438
36356662333832353731386630653566313662356130383163376434653563313065303333343263
35663237376162356633373362353238323461333135626462323962323435313037313333646238
61636163373534383235383365613032366562646634663061303733333333666139303134343963
31303434623239663830313461363238333736653238636537653163656362633437393066393837
34346464343233626535663336326330643734646563616134353837363663303461306630353333
65336531316231366330616236386230376232326334653030383839323861303361633132323563
62376564666164313036393630653337396237626439386233363131613330323432346562333137
31613639656330643336633737393563373330663937396234653838323461346566656561646131
63613664633965343864626463626466653464396565316666306533643365356566396636623234
35636333336635326230633933353763333431666563353334316134666230613466636465633239
31653730306236643036376161343062313666393065363438656166396632353933343035303863
39633133653665313634633739373161393036623865666139343866303832363063336161643463
35393035333738616561366332653232386361666362303962343133343335316632646434393835
61363462383463666264383838643162353463376638623335396336323966663139336435353964
65373932623835313637376465636435323530616439393232633639323437653039386562393234
63333131326235656536323332353631633939396262313432316466626133353438326137623038
63646133633338646131336539306363626133643765316637636639323730373634363637373637
32323834663431336138623934653865393535643931626132346131616562663335
