$ANSIBLE_VAULT;1.1;AES256
64353565616534303233636634363839383536326337626564313664643137323637626533623132
3632333063323439353861316264383931363862333537610a623730633937613630396566656464
31636431363633666137353631353430306636376233616132396630306236323463383662616630
3439393331306230300a373833663636303132316335666431653833643139633033313432633261
31653265356134616463363739613630333231386566616437626134386231653963306534333634
66383631346436663230626636376439343430303731353735316265353864333564346163303237
31353938363239396433346537663438396662336365323839316166633530656435666438623661
30326634336335313532373964363235636335323863306430383365383531366133373863326137
33613864663037356338303830623632356532616664646337353538353931336338336566663964
34313932643535396530626132653764643433663730303736346337343635643662643863373532
34343665663365313735326536396238636339353937303833303063623166373935633138353861
34633061366231326134363666303233323061396438356534626538623838383064353466303539
33373165633636383062376262356231633137383436316634386637366134656634616236393435
34633634363233323065353938386464303162613231636562383166613733646232313433616636
30646439333166376531356430313732616538363135333535643539313962343965313736663864
30623731663264666139303533336563626466386465663364366464613561306663396465626331
34373538356261356561316631323732353164666138663664633338326364323263616338623661
34643431633765366166626238383730626532303332386238373863333635303734353862323937
63306234333931353165323439633035613361323136373137316564396362646239373966313064
35616561316331313564653831623339376533663338623432353365306634653838643434353439
37313061306162303230393431636535363435393031343639623333373135653038393038313537
61616133336564383465613962373861353731656538346561316233313163666265613166336634
35656666346435626236653163313936393264666638333637633538326134343765663062316230
39376232616135343931623662653531383434653837613166353830376361383366363464633665
30613161313830326366316565626237386363353134643330613965323233613234326639386139
39303261323166643863313336393532613761373934343666616235626630346465306235356633
63336166636239336134363639366464376232353131306465616631333563383538316532666332
62313863663034613964333465383936323134346132336261663831663965326561656332303739
34653633303764623339333863353235326466633138306466396234363061646330356661393765
36623766656461393763316663663335353262366466313463666164646561633534376635346365
66646365626438313032656532383466653532326333336334623666613465663333303634663730
32363531336134343439313230656563383631663761366162316239323633376530613161383431
63313164623437336563643738376239616338343734323533376261323435393338313135303034
66376465356134323566343136383331313861396635336630333461396236393061376462336531
65663334346635343731326433356265656436653337373163306634343934366261653938383937
30613230323934633337616331666363383233376533616637643332363362323262363563376362
31646265336162346665663731346339663361336633636461326532353134373830626636346465
63383533616234363231356663306538616464663462663762313565663962623637333235353538
30343233373563616637643064313863306338623730626538633030393539386361326166663563
65656535306131643966363833353663663962356633343164316339633633633062663462646336
36353338646363346530663666643833316330643561373536313136666130303932396461356362
63326637623232303663383234306234306137623130383864316461316238303334363631633262
31636630393431356537316439323839373431653466303865376261353736663137623661656232
37666236313938323339353961613064306433346337306664666335336565386538313935653431
61323366643637383634666337626132313237383864646661343135363462613465626466663563
37646466313334663739363536303564356466343033356334343665333365613132636236646166
37373364623462396638343435633664303135393834623962633363366538333739643533663061
30623537633966613964313065363434653863663835633430396535313133626438353261613262
35666537646639656162303865353834323938353430663263376139323564333063656530353136
66633937336637353236356562383965316534653531646164393033383535306162616165316539
64386164303135373532353763663132383064626666396535316430373564663064366261633230
39326237343437626331363462306232643632623731633234653462383062356462663661353635
65353166626133303964336639393238383730373633663035363937313431366337616436356263
37633035623531653835343338636561313932616365393538396137316630636163356562363461
35363064333165346137353433656335386133616234313761323739613534356463326636656262
65346234376232393331316164666131643331353839653531653362386633633338313065353235
30303237613366356331643334353066643035663739313663326230393533343036336331353365
66626237343065333335633736393631383863303738336561343463613732386264356633633136
65353065303161656438303732323432306536336666356433306437643736363832633336633766
63343132336466396431653962633864623136646431623764303530663936616639323332323665
39356533326231376566356263643534343730353763373933373366376335343361643365396666
36323030663736373066666131626461386431613761643633663539623561306466656565393739
66623433326330633538343266613366633735663061663733323538353934633935613565326235
66626265616237323961393362333434626166643261353539656361386462653138643537363763
33333264656638306132336465393136303263396339643861646333396437303962303837316233
66633631383239303230353439646464623436333738376136646439633130663762613732333834
30623162613961616138626461653966393033653962666437653331316431653863633862313731
32316130323734383638616330383930333263396162343333333662643363376564323532303563
66623038353539386165333762623564623265383833373363393263326431323034336536313561
33303161373538626533383137616337306261353231373566653161613933373661643335353762
39613664613334373337346535346437336633326431393838646633316631653866623264633536
35306633613339653364646533383262633333383337363630333637313036393338653363343966
36336434666634383234656162373061323430366464316331623862633833373330306533383133
33373063623636303039396238376234643865323034636465393066633965356630623934313331
36623534316530653439623263613062663965343063653739663331616531636465616239653666
39393362383734333761383236333533353539313331613435363635363334383364363566366562
39616564366363643565336666363665636636396365343463366131656635383937376331623636
30613639323364633631646234373732326531626130326439653864363534643435663932623163
35323565373335386466393661353262613065663366653238666665346337346166396331333838
31643636623663303736396636386562336435656163356332316631303832613864653839336365
36303835316335353966383066396564653533336363646638613561356537633834373335356639
39343331366161373235303438323466623266613766323264356466353534363333316233666532
64643132623130356662356162626130323134386435663461636434656336326435643837643739
64323837363634306663303236346662346665653635653364376263383065616135643133643435
31393161623162346561303532376334306463383832663836316133333430363464666439653631
38323532623737356232666464306438613463346339303134313865373263306662613935343236
61663266363462666436636531663539383462613735316236383734396239363233373465373637
30303137656536623034323331643238316239643763653861653162656162613730363461653730
61383635633863316639396236656338353163373663303234393664616538383634
