$ANSIBLE_VAULT;1.1;AES256
65653862366562646163366363653834636532303062346537313065613635396333663630373863
3439376164343964666333366336363536643034623238310a326439313339393037653862666561
33336263383633346634303535373438313831616531393365663761303863333066343163343539
6437393039626534380a653432336566393733343435326664653732326437663231616539343566
35653832383931323139376437363761663637383263353734333766623062633562356166663934
36303534323961663261393565383165306337336635376663363239353430653866303661323861
33323833306664313461366264653939326463393766326337326530376536343063373637343665
63623163646466626531653162623234303161353632383261643463363264366231373838653964
34336262363438613165343538303337323264336139363465303637383337626365393632666662
38663031656332313164383238656132666637333638633234626464323039353262336431396330
35303536353837346337616165363262336434393762396664663438383235376631353165643438
64623665626432393634346362623264303265346231613836653261383934363234643536386134
37633731376533653032353132336338353634343366663531646464653939343264623765656366
66303238373234393731373237656330393437396463353634666138333432336639643361356330
61316331363233636334653239626265626130666661653866346666376334313839666262636335
34316436303439616334323530376135393939633564336337383938666637633961636164343839
65616461366339336631373366316366666562623866633339346463626332333261326163343465
38646537643333313166653938613763643632393962643164646335616332356331646665316361
36386538653130643965306266353833623161386363336665623661373733646537373263333337
65363361303963393966663261616634383935363337616363373130366565303834313438303966
65666265666433376530346138666330316461653833643130313333343334633664396262376230
35626231656431316266303733393532373164363135316536303066366437313266303363353563
35356633613237353662313161303537626364373064633331356366626662643239386166663261
30303335303536353737646464373837656439623839323735363933303135633133333439623264
33663262313862306239363265373539663662313564616466633163303833386230323864643166
39393833663536306361386437333863353565303165333662623566623964373664623530313437
63306364616437373930393435653464643165633238356362613734633562616665356562633535
66346465363038306362303461643735326465653632643738616634343933386162636163326336
33373061613864633831623666633937653766366632643663316163363438313037613237326534
39353838333264346333363338363139386265616230363533656165396134333932636162396533
62356439656261616162323265656233656134396162313335613035613266626130653030326137
36326566303461306364343563393563666361303938346630323937623839383438336465633734
62623532363361376434316162353439306461396435633463343230306436613663386165623439
64313232366465333233376134663538616331386161383936656134393030336439303436626165
35373661336662383739356336323539633435353566373832383933613435303833666464646237
35376536346133356139326431353539373638396339383835663136663663376363656161643063
33303939316166336133303939383838356361636266333135613930363432373466323463623264
63316364393938666365616234633263653137323762393864633436303765316566383461643234
61316239353961643836613035666532616261343138336438323530366633373762343066393830
65636230376334383561393937323835383962633361313964366435383763323461313461383230
61636663383634636534613831393462663363346333653732323933326336343836626532616634
30613965373262303832383331656430623533613438373265663631353961646566633763346238
66373539346134366561363365393330656134356638353366353362366532333637656161356665
30656235383433303963363437376438393330353536306236396365343636623734653762303835
36316633656566333363376361343631336336393834333962616132396565623663613535316466
61343664383238323161376539613866333633333361306135333037326631383233653735316139
35356635303163376361373539353632636261343662656534613737363863653862633166366530
63623163333032323539663162306639383336626231393531616437306362366365323637313764
36303730663839323835653465616239666661373935646636393933373936386363353466373339
66623563366165333430303134316233653035373138316233643432656566303635663136366432
62353735353538396263303530366166646635376362393039353832363234333637373434336635
33393738343263356239656238616461636261623965366231323930663034323335646666653962
39643739353165356633376561646537373962343230353434313830653034373365623331636231
36383764633764656335323235356131343334316333393766616132323937663863653538623633
63303866383631646136613837633935316235333661633730633430623865363665356336326530
30343934633736323436333038376534393331643039383262356666303033613035343264663562
32336132613432633434343536333938323664323033363833613231646135623464316334646638
37376332646133363337643434356334633664343363666331313363363062376335353938613563
37356566376163316664663063356462316633326434663030623031336537326661313337663532
34313861313761313363353861353561663230633135343631333237663364643136633835343965
38636230356633333034343264373963643165663635383166616537386132333362386434363465
32313638303832323836346265616130313531616238313739643638396665636431643438353736
36616439633064666261666261646637616531626563336533323030373037373638326666373336
33663465386531626465656238333233303639656536396132303830653838316462306337643736
63356339306362353463643135363134356364613039616533613639633561363237326139646166
36326438333131383432333737636333343931343366616534616562363265323265303835343762
39323465653762393830333833663133323963366465386238613032353633663438323236613565
62373334316261396333303635663063633739663732623063386537363763336539306438656130
30646635313532303936613138323436353533656331646635323633346130383062643030383536
37303337373163363261646139393132336335326564663432376364633630393835643363393832
33363737656331663739376439643563313761313463346465373231383131653664633139633939
38373364376639333230613663323338316139313535626535353363616637383966663965613763
34613162303262356237653133396364646635386433386463633633346336336436373234366432
61366439653831366130653932373336393463616561353464326138313639323738346234346566
63613539653932616566333331636338336136373564646566666139616237646332326565636338
38366434383238316261346563343564383131373939363562343531366234333939373062636438
34373163383364366131313432633435326134353232313338643266306539336434336264623730
61623534636438346330636663343338353237303537333533356462613866656262326533396435
65396166326463643962653438326633623264383732303564313664333634386261326363663263
34356637636131633862646661306430653063616165336137646162316431626439653465313466
32656664333265316633633363376635616535643036313264326366396632613038613338646336
36353963656261343333383637643438316539376533313763666562346138316336303432663165
65333732666664353065316463336465336465623336373835386334616532316630643338373931
39653533343731613739346538353633353934383131626636333438613838353062333933373838
32656163623630616334336332636564643262613634353566353561353139643137653463653264
64333030323835636636373765643566613361646166313961393161623430666463633135353663
64353134643630616365313663633239376338666539303438356530656535633931303265376362
62346635386537663035363633653838643634656461356433363765363333623138613437303264
64333932613732383166623832663239396564386362333634646663303135383638
