$ANSIBLE_VAULT;1.1;AES256
66646261313138656637393539376534613831363966623539653434376630346633386663373364
3333306161323435373432633665613138653836383339640a663064633539323939613230663166
39626530663531613062653031633031653464636562633037666335326331643965333961333864
3662383930613566380a373333343432326639666432373064386465613738373364303137643665
35626438323764353663623531303861656264343464363939616430383764356162663563333534
39363165306232343338633465383431383464326363613165633436303134633164366462663562
30313034373534353232636265393565383535626661383531326232363038313336643036666265
30656437323836623430336463303436393961613262653063343137653662333666346233356463
37353238666439313566336662316333383437396635376463363735353664396436363838663564
37633864613863343733636230626438353437303037306264633636313464656631636531333336
65653463383736363130613631393764653862383163366235386666313364343539326465333435
32633236366438656238633638386264383638343839343234663539333736313430316637343361
63316666653865346462336237333563343535333264663731653164393433313739313432633837
37663765353334613638623733343337653064323662623964616332353934313364373831383634
32633362303439396434643161353961663730336230616164323232613133663536336638373330
33396135633166633665363962396132356566396661663531643164643336303337376638633630
31646164346637613665326639636339386638316239653464323330376232666563616562636563
63363764393430626335636332646534326237336661353534393739316563343632613437323265
65363139653536623263396365613835613731396337383332333230663462326166623764336261
65356239313834363062316261663237363238376631613863363031653466316363616137383464
39303630396566623037383837343564323232653537353839366233663336386135343564623737
38373233623733363664643863393233303535363461313464623430663637303932333233386134
61623732636132333434333434346462653863393536666462623331353732613337643966323034
33653136336362633564303233363933306561636261373333623835303532313965623030633962
32306132616432366365316161326634316437353734383934326438666164613635396263643264
39646365613637323136616464303133343931373739663537653037633731306333373665393834
36643232616431643365363331633430323861393934356461336634643863663133323135366633
34666334303239323336633934626231386338323763646431373064623563653962343862626462
64303238373839326535646261663166363834373638356364363931353562386133633664666531
39656461633233306637386464663561363039313335366231303961663831393537336431356233
30383534376664346438396664386433626430383566353364303264356636376335313232653530
30666334313331373162323063396565626162393436623439353233643237633466353532653039
31333038336135303630613033623363363931646637393861393830323661336562616331343939
64306334313137386162363232336637343136313230333263356533313736326631303434623562
36393862343765656165323932326138373237636166643762643035613336656262313937313365
30313261646664656135663330656439346238333231333734323234643334363066313062393130
34353838336337393864623166633232386430386666353261616139653064396432373338643331
30646662303539663361333630303234306434613839626434383133313365303139653965616161
33346132656635663261333564656235633864633731393633623336313236316264633538666635
38623238396237326163626636333666336537643465323035306162366665626466386561623765
37336636373963376332393763343565383161636236623366626331366635613631373333643732
32353261333032636437643861663730376335396164613337653930646635303437356466343836
32386430626232663162363435326266396566363134383133336464626530663030373761643565
37366430616434623836383039383933613538393336613566303533653436383137326535643565
66636138653061353061623435613231653733383232353336616636356464633735326131353636
31616239393333383865333162616437653065646536353261316363646366313233383430623965
31653832663436313132333631313864313330356661376638343432643737376363633865303662
38356563303665303265353762386466313632303735393662343738343965636133353763646234
30376439303162323931386631383831356335396134643262376539363863313164396137356632
34396637643132386536346631653830643930646663623738313836336264373361326133643265
38313536373066663866303238636639343433303230313066613561373134643562613534386632
66623037656436656666363664363133316264633231303033663663653631613339633236383238
64313037646138643365366631613334353665383763386334393238633766336430363832306161
33323339393065373065393561616631323634336533326434393233323234636537376539653935
38396562363231393466383738623734643631346537636436656530306131343936663132366535
30623735353334323166636331343938303534616235663964656530613431313633383639363561
31623837323731373434393037313438393034663330366230306261363139363862656232623361
66396265626138353132383461656531623335336565303631363566633932613364316464613362
36363363346132663331663462663030386465373663333337643036383031616337313266643134
30643232386137383364633435633232373566336364633037636238343866373136653831626431
33643634303434393063383236626665663665316566353862343664623938323730366664613230
64636464356439626664323365356238383437633934333234396536623263633838323935306435
65393365376162663935356332333832376238373862343231396336386436356130346463383435
64376232633439613566393034356135306263613839633630346563326161386363316539383731
36353231613535313131316137393231306665653830356563326430343431616235393361366333
36303035656331633135623237313239373130613539343439646234636464656238653330613863
66613233643262383965353830336232316231373466373332393433386230306163383937353162
33353531383637316663366261386435393137326466326136373031666563656436373730643231
35383262386430643133303965393566346139393035363766393338646237386161383162356366
34343431373234633038363666333538396337666330333039646136636364386366616530336330
61393831643138633964316166646131636664623638643563346464373930366538316339363963
64333130343734303138626230303734633161333236396532366431636165636435356532373263
32383731623136613636323936636364376438316662316564396361633732333236656633666133
39396437363764356566663732343939356663306539356138376130663961313262633865333865
31663763346463303033626462356161353237396235346264373565383631356537653932636366
63653934383533666239373039363861653734306438353435626661636364343232663366636264
65626333666334373432663139373764373737376365346439333935373966393835393838633262
33623631643530316636663837646161316365363763646436366438366464326634376339396165
32313332303839313833633233623635663563663037396533313237373265646338366537343363
65353037663538326162346232633661323737653264663431353235323635393763613963613764
64313062663139646637396132353862386662393164366137306338616438333164633465323739
30643735613534656236613039326535626361313633663161323661666336303730386133323162
39343231393665386433376538313466663162626234326130393730396566386134363432363432
31616336613765323265393636346630323436323632666231326161643039636364316234383233
66633234623237656339373337313738623066353332626636363337376564633030336563343361
65336464323536613063373866363736396664636536623635663762616237393862316663666238
39323036316466613330303538383134383133653863643362623235363933663338326163386639
35653864303165663935396139613264373231646266656463643465396631356137393738643435
33666239626665303664356261363632306230326366353230376235303164626266
