$ANSIBLE_VAULT;1.1;AES256
30343561356137626563626133396561393863346633343233313036633631363836313236303431
6535393930333038353362396431356266366230316330650a316435346562353564366538613266
66383239623130313132353339373037656630323766336564313637306139363631386565353861
3063633465633862330a633061313064303935393163626130363332623037376330323331383431
65643733636438393333653563316363303031336635303037326639323962623531356537396162
62613932316164376239613330353837613438633463336466386263643630663039303165373462
63326265633263313936306432666137663162616633343336633032366461316431313431323539
35333266336333396565633033363531303765653332663437356461383338306363303261306163
34653033363463323930656164653833316530323565613932373732636434616366623430306561
35323136373365633866396334653435666263643838623733333037313533303036363034633933
64313864393164333461643730356635376165326438636236323365336335666332386131363063
61643039653762346430666333386434386562663765636336373462333366316563626364616236
35623531383038616331653662383733323131663538306364323131313966646365393733353837
32656564663365386363353237636333303637323134353639313563383066646162363031616139
38363431373063626330613534653531643133643537663638636530376363396438373835313862
39633763396634303161636532326563366431623532663365613638353431393236353533663763
32623337363263323735363763363533316431636531613638623264316436343839386161363462
39616663653465363337333365616563323665623836343366313438623538346139323862373165
65323663313461626235393135343561313966346231376536666235386139303639383266363666
30613161363231376535386462616236376632666237613938333131323537346664303862323164
65323531316361343131373235613631363633313039323035333138346338303632366236633964
38366565373062396534396161326365326534363664633036306633323731356332383037343262
63613534363433363132653232386132386562383339373562663565623736353532653961383230
32323339303163643737373335313533653839653432386330656261343639623233623136353962
36636266323864393731666662656263666334613861346364613434313837613765656362373633
64666364326162633664356239393530386162383938353934366232363263636463306630313733
39633565626166323861656664356262373934303338313530376630323333383536346437646261
65323164306237363030633766393432373466386438663732306139323238626235336535613365
34636466393565323363326334613831626331363363396334366534353930643532646362646666
36313133656563313465303536336664636436393030663431643735306630666133333961376431
66633838653566663231356561343535333634646464613666353938633662656330623436393461
36643830656539393433326139393434656361353133326233343034383934373665316234643761
36643464323131393134366235636537633261633731306235303534386364323732383330343730
37343336323535626566663338313133636361666339336362333630323866353430653561643839
36613937666566363434646334383733323039646431336265636666353634323437306461393131
32643937333231323035393130353361386535313631366136313731633266623963613537616432
34356462316439393730356565303163333963363633393565303763653536326230336164663537
39363661313136316432383837663439386236383363353333663237613431383639306436656561
35363861373532633562333535643234613638633833626539323764373831353136326438393664
66336632623336616237636232633962346338363236383930323261663462663235316536333861
61386332396264323530393865326634393665376362373333653131373366353734333665346365
35386339383866326534343261636536303234343834616338393366316235353637373363376332
39363764613534323433643166383662376639333232663439353631376433383834393361393935
38376264303964326165363337326465656637353230356337303038653934343433353961353637
34633632656562663234663133323265356632333631383235633661363633306438633662373232
61623962373833626233346164356662396263383031653737303634633762643361393366316365
65626261383536623533623637366636623335313462356362323132366235376365303739303361
62356237343562376633363739383939326463613662383436666535323766376631363836626466
35353539613838663166303634346362363438646338623465623364326135316639663236376332
32663364666436626530653239363662663037653739643230653830323539353565393966366636
61383931633235346364343430616235333864333535373233353837313164313437346236643632
62373736333036323662333439663432653337306634343762383364343131663963333436623139
39336137666631393330333763663232633137336664346161653937336137613666333661363162
63363930323438346265346466663166663433333535326666366132383664623061383837303931
30396262616137626636393238343835313463316535386661326232323233656636653062623832
36646231313532326165313535316662353361383635333132373364316263653265633734393531
65373139306265326466333130653538653235373831666439376165303465373564383233366633
35613166633830616231313265396532626365346365623835326365323661333566313533353430
62313333663763633863356638326334363231663166306330323330613234386364396263666137
64373436346637343164326364363336393361343765363232313563333631633731376364323930
38343230306361363239623866363738643333393531363234303631306562313732333064313733
65613836616232316336623538326535633766636562643538663562613264626630333164663566
64633733396165616239313330383965653131613337303137386238313032646634656336366265
66333830653366383132623063633161336633333465663338346235393231613334303633343166
36653834323061366631636135646161663166366466613030653062336431626436653065346262
31666266323436356430616164346661396530646438306138383631336463333535666366343934
31373230363732343361386336313637656330623765353832393866356661653562666231373734
66303463336536383338663265343638353530636634656264303934326363613464303061316231
37333039643161653037653739373237623739383633663533633666303265366238363364376263
63666461303739313362613938386365643235633862366235313930643235643034313937623962
35323663626430316264343662623431393964346233303734633935353832313134386565323036
66346437366461663165626162656263303337633864656136336236316365323265376336323233
62373337326664666138303437373862373530363261373734643133656536303463343631373836
36646662356134313339376463333630316131333964623730633163663233346531313361383963
33663838333538663939353065343063373966333031343139353563316331333937663538613833
31343862663935383366343630346138386435666631613164623532383138333238646232343831
66656430316562376236656436666435376539623865643031613936313966336435353163666635
37313662386138306666346261356230616662396539393365303938376663333734373862366161
64326235643066393432623865323633383530393562393531366636633939303737366335376462
62353339653463316162393533643262333931373766316132626337623034343238643737313734
30333365633633396337623863356537323433353233626662616630623431323331363336643835
36316337303136396535363835336538316165653139666461653338303531336665643033373961
63666131626331616230363363613933643533323538653664333630636230306262353566363839
38613631626633396138616138633165396663643465643066343863323734656638646231653763
65306137383938303437636631313039633934343066653631626433376661373365636466626664
37333931313135356636393332626564643161663064613936363336626636643036616234356538
61653834616437646238643166323464356664663934353366323862356539356430653363323830
64346366333233376139343232326264663738666537316137313537373736613939326431383665
64333037363664383461656464346335663265393235396230643835666533623339
