$ANSIBLE_VAULT;1.1;AES256
63353566396466356437633438646363363463356534373732393634623964393734623464373930
3738366466666338663666393931356631356231343234630a336132643961613434356462633861
64353139383230303837386561323739353638626533376430396662373835313038393037316635
3865336436316138620a306165636238376631393636613639373632376563396333363066343763
62313236666264636266386635376535633933363163373065323031333235386637353665323366
64326161663965643766613837333234323264306134346331316263623531303930353337366533
64343639316166626130633733363337356466666162303461346164326364303839343865336265
35393834616637313634323130646164333538326330326431616433366361393638663837356662
64366362346161636261633535383662393764646263386335363535613335366361616136396532
62393332623134643562393534396330366332613630656563643839636465393336663865303664
31316236316535346331386464313766326138636137363938633262316439383732303537623265
66653137323730623134613136333135613063666639653166616533343733643239333266633630
37653863633964303630376631353634353466313037303038663732386265343739626232333766
62363565313663643936323638643339623837386363373339346539613465303737393766626639
33663464313361316538363862323532303136356332396539383338396133376534656364633939
30346233303338366166306165313065383431373433346463623765373634623438313035373865
32396232313439653566646335323435393262323234366639373638316664336366383364376538
37343363663666616638393838663431366339366238303666303963356239363230653738373834
32636133383134616436613736343533656664663961656366306364363663373661326639323135
63643461393963643032343239646630323731643237623261313336373161636335633133313031
35323962336530323866336234353161363237653233646535386438643532613261343134373861
34326266666430333039393965373439643539633238373132383132663431313532613262613063
30306361633739643339303833343832393238303063303436633934643732366633323636363334
64663366363935623066616331616364656466373132616631613265663262616663633431343432
36626335663032326235343437356531396636356565356333313266613137613537663862323565
64666563323532353238366137653365303432393837613934386630353135636238306437373334
32316239653366636234333236636364663061303835356663653735356131313730663137353936
31636330383366396532306536353339656562383137613264343137393633616536336661623762
66363661633131303266666666303636663264623733623137353238613764366663393535353038
66363166323038623832616261343065626564396339623064306338646435613835323539666632
39303362626539663464623663316661643166343162353431323265383863396138626166633835
30366265373331383835636438383764613536316236353134666236376361623334323261306563
36356166643964326562303031663437396534643964643530393131656338303464343061373334
33353665363932393635653661316230323735396431616335633264356134316236636335646237
35303732636538376433626464633961666635616330666235336666613931343532393135363561
39326263376139356238626632343334333030303632356431386135313235656161313332363534
33386434393061313736356533353039323136613237323264616639393639663865336533303432
31623365343438633561626432376262373534396335653165323332393832663139613065633335
61616633313233663332306637363961396338663137373964646334383831653639623466623361
35383934333333616333336438353235616437656661393339363865313462613835353961643463
36663035653661623538373562643831643361353765306137323230326137306262393632353438
30303432653231643831393732653364373561666530383031636661386662656634636163626232
39363533326437343638303838316437633061636162646266643634336230306666616234353238
31633132633935366463353438616131653337306631316535613531633530313038623862313963
63376265653930643532386239353931353665643562336361303136336664383764326230366432
34366233636133363430323238366265396566386166303666343637666337653635656366353833
37626431363331646563633830393636613233643139386464366139613438353236323963366165
65636237383636623835333333663038363839383537353761636665313730373166663064386536
63313538306631336334336565366231373230346164396137346631366464353966303166656665
31666165366237616161376132653138623135396163383835353266343563656635633033656462
63316661626132663062313938313864333266653037373130613763376330613162323337633064
39633565396265393966333537666633306231643236306439383765663932633639323138316661
33333834326564373536623437663466353133623964306134323664346232633938613238643633
65373238323136323565646433386665303536376236393765346333346236383831313063306338
65323833336461306465316635383730636536616534303430343962326464383730303933343436
62313762323663303762363037666531613935643133386139303939393233656339333437363135
35313261393135326537376166643764393030323766393962356535646435626464376466313135
61333834353563363331656562373962353336393833623365336438643364393530386337333965
33656637323036636133373363613762666138323236376533303564363036663762366437333739
39323038306438316466666564643436323064626264363063396132363631313431656362363530
35656238323661333361646637633862363335313663313633306632313836643534316166613233
62613762396161333835343964343238316132343235353537323365633938643534346439376161
63643634326431333465333763663139633962306431363266613534373234373763366535363565
39646234323830663866666133326234613132386665306564633033316339663834633639333735
61333439386235633261313737356565373466363837633835333862313137356164653432386564
66613033386139643336326438393164653134376461653234646632663232326136323965393430
38626137653930363531313032656163353633326635383035353364613337323336646165323332
31333238323563643461386535363333623637366665653564306666376266663831616161633136
36646131386530333364396238373932613433623165636335383661336538633664666666326636
61356563653639323865353362633266633263386363313934383339623766376432663839323632
35316231303862353236383965623365633666386138653637326165343139626635656661333261
62616132336337343262653630653765303166316465356338633133333134616534373633666665
39616130663038353636616633343137623063306331633761336362316134643133323633386362
65333336316636333639623966313061653433303438303963313039613461343837363538663663
37326361396430643734613234363263343931313931666166336434376361623735626339363533
33643835353834303936656366343739656166656232353335613261373033653763316465363237
64353733613232373961623638636464383738303463636264353361313738656431613739663265
61396434333465363862383134623731666266343730396630643066663832656130393433666237
63643430653036633235326532393534346436633661366639303937346634326633343030613265
30363335393465313365363531353563643262633833326434383734393033343933303262383263
33646638356566353235343961643763383463333534396331323438663931343234616539376238
34306436373939373364303234613332656434326338626634313732316632343336643030353262
38623137336138363236643430643264346235363637323038366137336466396436333330613966
32643561396139623934636362363362653536623036646365653034636432636262316530386539
63653930376462373765633264343634633365386330366361376335353565666438636663656138
61353134646261633837633634616134633936346133666264376333303136313265393236653664
36393938656633626531376436663830333766333463313738343139653839333637333737646364
34336362346435316161363861323436646562363132626133313736663139643630393737653765
65333338356363363864383365666261613964343861313632663762643065633063
