$ANSIBLE_VAULT;1.1;AES256
38643331356535313337646464396261666665643336346430656132303564353038663330633161
3561656636323433346233323265343064393939373166640a373063303230613333653064396634
34653434316338396336623065333430623530373764646630326138636364396265363866323862
6134396163343634360a373332383163643965626435393333643335663535326233356164393732
62633530393937323264646531386566353030363336343838333932373833643766393762383133
31366333376239353862333939316565363939386136623534313638373533663437303732656162
34333236373862303166346461333338623736646432376534303861316539383738376432623634
31313763393136376565333264393263663234663838646539303530343764643335316233653830
34353132356665303934346630393061316666633336303630343431616134346364623564646637
66306364626263316264633565386465353733646461343739343763336538383336383438323038
63616236663465346564613837353962663163326133613433636363646331383764386563393865
38323135656234353935376365646331613566353336343734663263303035393330383137626261
34303334616561663437323232353236336664373136303436313237336364376461656466373635
66323133626339646262653066633864343866303866333263373266346338306636303832376162
62336639336535646339643866633364366233393339316434643531393036383538323239646632
34343432396264616437326636343264623064353434386438373964313838626466353936663339
66343064393933393431376636343532646438356366323534336432393438663939356635316333
34383164323931356437643337316633623132373837313330326632643336303862363962303465
64333737346163313062666639396165393362333763646638643634383862313466366639663266
66363633376663326230373637326335623661623431366466383938333034636166393034613234
33366439656536623431663666646465333838393734633033386635623531623834383163373862
39376530393665373165336363626336626638306333393638386363663233376539663732623234
61313563326164643633616432636638363463623461376536386132386661613065656632373463
31366633633133656533656664643863336665376532383762666264363764383466353130666463
64653662383833616538383737653361323463643239623330626631303736666366613631383539
64656339303662363865656463373865323033616330346665633563623238343135336162643131
63613936346464346364626635663231326636613338326263343538316563616337356235663865
66333033326564326431353533666161613262326637336637333837343165343463643239613561
39313430343764633761353838393137363636376234396430613638396563663333663031613034
66343231333766313461383734613134343432303361326161393439623735343763353631326264
65643636343234373234656663643965353961666636356236303232353064643462623735356264
32626535666463616362633134323333376236663530386665396137326265343330333962313465
32613537386162346664383963383665376361353333353865343530613137323164346435613566
61386631663665396137356534353132623966333361636130313764376366623030356261626363
37396265653566643362373862363138336432303134366337313235356335663830363061653763
61316635623835616239633434663535306332396233666365383366353332376434666637306464
31393130363932653536643730643861613265346536326265626362306637356365396363326266
65633634393432326433343164323038653461613062623831386433313066366539326462666431
62303139386661303030613538336331393933653936336562343966343636663437333830646263
30386164613339333363313461356337653564623431616533316164373937323937336330643062
61383434353535353137303533623035323033616633376634393931616462376365393533386137
64626364353036653934333632653733333631303631646632303966313865323237353737343337
33303036306439303331656631633437336432323335353562336134373563643237303866643734
31646333393931363639323335306139336165333532613162666130353338646265633337623335
62623035353364626263366535663462343265663466386432386666393466343735313939613961
38373535623130303030663564373664643132323333663130636536313031353539373438363333
33313662343966353132643739366434653636623561656339653637383262363930386339396162
64316132316632636638316466613733346361333439653538666534613633663337353336633638
32376664313537323565396261356465353366393837353832343362393962373266346537373337
38663164303862666339366361386365303536663161666632616531333137653364643634656639
36343830633133663162303764636562363231643232616466373336303762356266373632663834
66313934383733626463383433633565393366653562303230653634633036613532303964666235
31383963386633616435383764626233643035613538353763323664336362313163666237383633
36336331626334376561316662346264663535663265653838333562333332313833623330393665
33666462613761656530336364386633373261633366653634613565626334663431653234376630
36343165663461313664373065366431306264356438373662613330326433646636363063346134
30616139333039323433613266376461653663663837326631313163353865393466376666356333
33373261303964663632646465666337383530363162393666306462376638346334653339646434
30616262653436623932663164616561613063383032643130663834666231666435333337353465
30323235323865626432323835326432303034656363633962633233333736383735313362303330
62636661393466386633313363623435643964396433663266346365666332383062313435353435
64636638643331386538346239333137336435326437306562313230363664333530613638613865
38363762393131626634653137373264613965366334666634353731353236366136666330383936
37333236323435366535316432373037346332653839643661353165353363326430613566353962
62343463393237386538346437616363343033616335306130636563393139636534373537363630
30663139663635626662646430353664623936323935616632636438663161326438396230396665
61393836646132626334343734363330356265646462316261633439373766626139323436346136
63626130636163363035336362646162633530636138626263306235313534386365383731313763
62383234663939663262383435326566636633393733346263633636393037633264626331373364
35336432323133346537313564313932336664623532383039323539666336386461386666633437
38636361376331303732346330313561626638613530633231636131323735663630363035626437
61643031333263373536303733623862333666646131303938666539363261383466343736356439
66363566396661663666363264323966373861613661666634623764656330646436323935323333
33663937356565386264626361653037643531303363633133346331653538343533633835323431
37656366663732653164396161666264666564373135396637656362643136353265663962383662
64643234646635396639376366363232616635656133386337326235613930333032393339656539
30363534303239653538346666613637613833613039333635303533323062383330363566326237
63323263386636623137646135316235626562623833363737626563346133626235396537633437
36636230326637323938393039636237616337363735656138346136376430323265623465633466
36363937666230363061363132653461643634333235323231663731346137623264363938613137
66616266366665363265656130653664303665613636643561333062396533613832343432376330
33376163366265316630656364643633623939303839623637383666346331386534653063373638
39643265383239613938306532336530363564643039666139656566373763653766656537633531
64396634633336366533393965613235663464356237383933356131653464366538326362306539
38636562623838356162653763623439343138376538316362333265343739306336663032336333
64313435323938346430393536313662633663373538383062303732666366343863643563333965
32316564383033303737616534663831303061633034393361326135623030336165343530646234
38656539383462623432623031626363353330393633636339343235616532343765353364336564
39663362663330343432356332333131346330646535343230303364626264306139
