$ANSIBLE_VAULT;1.1;AES256
36643831656362343534333532666134313864626134313164323733383763326531663561656233
3238366565633633653034366434663737643039393130320a303338633037613237373465303237
32383930366135376539333436656633323334376537613965666535633637373339623862616530
6562343364326461340a346462373231306535336465346430303034323939373737633033333938
62653638323761626637663263396431356165636561343032366662633538636539343932633633
37356330383034333938363935623736313233323566633936353865316362353331303065386236
62396537393666333937383164373338306233336366613431633630383433346363346461633465
38613536343837303963623864616139613566653532656537643034663233303636653038663961
31333933343063303630633038386566623330386330333037383036633263303134666162666265
34333163393538663466646432613565336335323864333666333535353264366536323434656564
65623863343734313532353035366137306666356232376633323639396538373965656166633931
32343033633131616166303032316163633931333231363735313530373538366435333961613238
36333537333536316639333739393762613733633763663763383931336434333136303135613632
33333237613331396161396433363731626337373831333761616430313130316638666237363236
37626335316439653131353633306233393061613937653731663264636266363862646365646339
66316537633731386230356133373035356662336164636138346430303934393461353762353830
32373235366162363839313135326633633863353231646533633932323030343664643534393630
33383934363839396166616261326533333936376634626265313365396438356634386632623439
33386431326232363930393561383361366663313062656139613731643662653830316666306334
38636263653466663636316537653762393539626261316432333930383436333634306362313538
37636231383664636232383530366166333133656231336332353033316266316433316431623936
38333938393162653163623566616634303732346531666166613137643238653233633131623832
65313433633731376163306530393030633962353164333230636161363430663732383662373665
35373433646338636234643133623831346331346132656139306637623335616635393934363762
61663066396666343835363332613735633962363431653064336661396533336162346534313262
30363339626261383631623431343461383436626331663035616432373966373432363062353733
66316462626165393663333964333962373635326236303433626463636437643661626439663161
66316337336331623162386462326633346334313333643632343362613031353233393336363239
39663939343935636561393736653065306364613838323031623763396264633932653834363765
34353036656131363037303734303033643931326234613666366331376435343030303339373435
35333862643361386562623362346264353336346437376131626562626133303963316633333666
66393636623633643061636135376435656232376662336236393837633435366530626639313363
64383165393364306137663664323230353065336433313235663161653735393833626432656635
64366563373465333530653162383462356237373330363831333161333862383638623834303335
38633133613462343438666333616634613734656166343534663163343038343237656234366563
62613364306563613939383034383634663334353764326531333466653964386166396537646436
64663535643230303838323165636332626262383235303630633364313231343638636562346664
33396362326232626262613931326531656331353735363934306337343032643630383461643533
65353632313930336539313832376239373132363930306563386464303631653835313261633435
62303963653663633564643635646166306431356633383638343165613538333163633437326538
64623361303264373562623835366166353334313032623464396535363364616663316534373430
38646430633164393133366362353930643338326266613038663535306334616161366631356635
32373839333865633766623732656438643261656532636337376462386435303065626563323931
36343631643336666532656232353035653434353130653531343638363734356461376162353661
30313136646536316666373036346538376136333239643538393666336439613930646534313838
38333536306133353034353663396331656539396335333032613962313331386361353665653338
38343466303563316461383534663632393830653530356439376136386666363966313333326236
38653536386139306563356330303863343966646130346331646234303532643661653932656165
61663163613639353931653235656662636634336665316237663166346236623733653066306337
63376362376530383231613761393931363365333133343931383332363437666364326633653862
64633065663766326636303935666665656661616630666364336534623663336131346138366462
39643965346631663538313138346537613734633130643737316361666232653231306331326263
63666562623630366562626333336334613164373638303965623966633235623337353033616538
31623237626266623762353631636336316462303433663738346337343066656538306561363738
38323565663366666362323664353831383161313539626539386534343765396631363039653431
62373961363331336263316538386234363632336364393030616431643866313834373461333265
35636134343365346263373837643639343632633965663563353736306333656335653535353937
33323462616265373966616163346266343136616661323966643666636332396237343531386261
63646438363966656636366133353531323331646236393030376165303738373336373830356362
39333636356363316566373933303464613630343765643863653634333861633963323031613837
61613232653538646131636633353934326665313463636232633662643462333334306361613137
30373132663431653663393339623837393439313862316461306165663861356363666632616337
34626662306439393563396366613937373137373564666636373332363733666132306439376234
32376364353433306638623838656335393231303234636136333563653132366261356464316639
62323165613765623032396331633263623761653334373866383264356334363466393365323133
38366634313833653532653531306537636437303164643161373735666164356166666233313163
64623532646439613437383736306665393237646135626166373036313032343461353764313935
61376632613136363131626532613364353733386333626334666333333466333564366566303461
32323130343632303637643335326465356436636134643131316338326130643165373731316530
64633735386666346339323561363533326535373238656165356637663638633664316565633035
37393662616162356533643862623731663632326161386539303738623164313664613162623162
35646339636432313766343463316336646166383836323466383636386234363031623266613834
34383632363765323064386437653762623637306433643035323066663537646164353136353931
63653931613531653639353232363264333931383931323137396434643163383732613633353036
30663932653935656164386433623130643561376463376537346534646438613464633734636333
33363039323164393437366339353161313664383139353030386434646133316638383235356663
34373337393437373736643334396330336661353934613461313736323562626363633238666538
31373236316161636333656232333166623236363962393062373334373834633064643133376637
32333966643762383063346262306166396364313261383731373432316666613162366337376439
37316138653266353861653262646634323334333939343739643632386438383131633265383265
39356632346531393262663532316330626231373337626333366230646136643930383864326334
66396337656238356465613635376335646663393030363463636663663336323337343762396364
37396665643139623835353332326536666135643534303634373963346636633464386139383231
65643031303566633563616536333535623635303639613735646234653561393466623962663037
34386235376236336563306235363765653766646239346432366339373237393031646264666561
32623130646537653266653135646235363730323834613764323530333261353234613165613166
63383135313632373935323336393931313431323836663466336365346434333062666466343234
36353764393930323362393530313664636463333965636631633065303035393437373536386162
34626666333966323862316437646137393361616338396664393361356361366163
