$ANSIBLE_VAULT;1.1;AES256
37323433373063376430623233306334363936636231346666633364633739633937353438333564
6261626332346563333735643836336138363463366533360a346563653562623962316432616535
61626666303339383266363762656163666564626137313734323536313333633036613762616132
6235643536646530630a653638373863393236653734303837303430613034303939613939393837
35373664303165343066343834666663353131653637363538373230616466626464653837343834
64386233653266363162346164316436623836376532623330366564326464366634643133346331
31646536653066343831373033623665636235363662326266666335323362363836313461646636
36333763366631313131393863393331633035363565303661373836643539353334346132346465
61623230376433313638306261636262306662643963306463643931326437613337633538376161
30333038633334393663633631653265376132303737376262376534343635636639326338346539
34353938396131353830616463633237313235313939303334373335653166336231343033636162
33386334623266343561373137386335393239366331636464326664653938363266366131666665
32633438313831333166666464383536333933353064313736613861653962613261323538373537
37663564386262326565393737366135643134353539663737373138633761626533326562306137
31373839626638333732393831613830353639373634343936353861323765323139613032333433
62353936643431393835336436366531613538316363376663666534306134313732653063313063
32323832303561623064623334383634383163333763386466386434633333323839623334643635
30323434633534363461363135323139336135643939633636363430366466393235666137383766
32396536333366383632363336366261326431373662343637306565343462353539363765313661
39633162613562663365323032643665653038666431636239363762643864343736633431333230
62353035333861663561313939356133366365623436393933633935623036373463613064363765
39646630626566626261396262393437393863306130376533376163353335363038346261333431
35623733383265346663613838643637303033313337356233373134346633663433646563613162
38383938636231356236333564373130623637646234353534653664316461366562306331653862
62383838653534613663393562353039353134313737663163666662613435633931303964666137
62663238383330623733316638313330393837313137333864336238323933303861373635336534
33663762343733346232386335316632636162323838646139623361643965663531333437636238
39383134386230313265343537383965653863356432353764623637366664643763346162333134
30356535636236323638323931626639663361313232303862653064373930653732656132663761
62636533636139356163663635663936633563663566366662333865613764346166373863363265
65613535333032613132383638373230303633626365613261613862386261383437646162316261
66343539383836336165323233356566386533353831653936323732306330383639373335333539
33643931623230626234353765373137373031653234366539323265613531626235613062666432
64396633356162336330636532643965666238663032353962303363343931383763663631383736
34343664303964306638636136363365646639326131646631316134313334343139633862386163
32373336333330623062663264336461376332366465356634333235373164366663316665393039
66636366633864303165356530373333653333303162663039626530663634643061323861656236
61356539316236303937343734636335636439643663383033343661376237333839343561653433
38623866663637316264316135666463313061306133373738313637393539373864336139353239
37363934346133366365633138666438386361613564623839373564623332313566666432326134
66666561313934613939616264663064386230653839396262643266663139316431663035636536
35656665653835646630343665336165396435373364373738396666636464343863646130653635
64613866386134313639643365363264393731303033663164663235393035383932396136313638
64323837336539336363363563633865323263393331363933616137383363363935623239343439
64636135356163323530623031386239393137353330653632346132393064323761663139336366
33663761393831343465633465326236336337343762343766633330343261343438666132653561
65343565316562656231613830623039303831393936313739653666366663333534336432376664
65356331343237343162656164636666613635346134323065373864643430656535383466663232
30356131306539373638363836333832613137333734633737383136343862633432383738356563
33346532323065653133636330616332633030663561333232313838346366313636656132653463
35393933376235373735663039373463393764643864396633633966623933346331366235643030
36376564626439396432393534653731306561376431663164386162623561646266316235616565
61323739393738383632313534386366626334353432623061643563306236353335623239666561
61376138366133616530326261363366633736396634616439666666373730636232653563653562
30653033633866393833303034366262366166666331656133393961323161656165613166356562
30323034643531353063303438383834393433323037313537656533373735336436633961333238
66653136376337653361656261393434363039376430666432393138363039383065643932626433
37376531313134613539343931653066643936656131376462663663653630646661323363373837
33626531396635373733616566643261346338626230306432666136366233303733663830346436
61623435313038613234313038646163356434393536626666326132386165626230323161656431
39343663383433623265306333393861313865613964613738346635396134383839376238383938
30336663646233356262303535623232366463633935646334633538656566376664376431303932
34333364666634333262653336363638626435656239363137366632393437383539323639396537
64666633346434313464303162343234323734336266373434326664626131356533653364616238
62333930646137663836323036666538626163653732333638626534643034326661613762333435
66663436306633636634343139383134666164633264353936353931343261376639663138623739
36633634313861313734616164316166343237623865313733313731333236663564393266303962
31376539366530356361343135663830636264363830333965383132663733663434653334616331
36666638336234393836306565313465383163623734326232393965333965393362316436393830
35323962373965666564626666383835353337393337396562396262623833336239343532396362
61373636376166623831323064613430333239666239656139386165376433343839633338333461
62373932396265393634333964636563633937633461393834666663326533613861636437343563
30316631633332653664613262353531623238343664373632373435653561636363636264636361
35333033663238333237323136303135356566376563323637373633386564346432616333333233
63303563333938343365333736393562663937343334366539656436383934373737303265383333
61393933636635663865313062336131316166343165646535393164653737323138616234303537
62373133316136616265386433623664313638666433626434653734623332373431323339313430
37353762616665633331363433343435396338316131613462663933636538366534356336616330
38663236353233363063383830303530336366663665303564633561623835306535306536366262
65653231346535303862353966383965623562313835366536333962663634616461613836303133
32306265613062613661363338386166313832383161373135663064373933623865336534623136
34656635656533613434383035376436356336393933653736633530353864636439343961653735
33646266653938623763366631663235326334323864386461363534653436393662653830316135
37333863386265316333313231376261386466306365386366373931363465643364633738323063
65356437373938643463653338383631396462303965396532636662336465626138616266663234
62313437333363636436303638313162323361633037376137383339623666666561353631626135
32656163366638656564306139303562333863376136626237333562303464326266396133616432
39613661633632363137386431356332343337613038313234386162663733303965386530336232
62633832626537646137363538623365396532343136326561653131663364383533
