$ANSIBLE_VAULT;1.1;AES256
63653765326233383636386430396339616630383136366131656364613566373939636665393831
6665306462356466343737393466646236626232613838310a636139323639646532636565346638
31616266633538643732336464343163343265613236306561326564646339373061633865333962
3337646230376133370a636437303735313232653332326538313439313734326236323332336138
62613734323861656335353639353463356438353061316461653033623364633433613762613133
35663138303562356431356166363938366263663537653864306665373835636130646630373835
64333037303963636362663137373934326366373135303636333061633335383566356563303632
37346132373533396134373234643032646633306136303539643165306338336633636330353831
36626539323333643261373261633462616531386161326462386536316133366662323061656631
64303731663038613163373961373330383834373235326431656239306237653135336663616631
33313939653861366264313539353961333838643863623331353666383530336562636136356433
30623665663664363962383761646635613665366566323339633730613233366539653736396332
37356164653538666532393563303064333231633833633063303934306338623436643234393333
38316537366533666431336438316661373438633265646136663032393839663233363961343666
61383635393666343437396364656439653335313030313561636533343233376332343730323838
33383331323666376235313863393661636130656662356464616566656335313835663032333639
31366366626564303133333964393564343761333839643739366431353765646166626433333336
38653762633431653061616132313138383439633565323263353231343038383766646166366363
66393962383064313939643837323463393961343139666562313638373261373661626566656161
62373565303330303934653165653339323932363361656635353134386333613034306335333830
34613432323830396532663434336461363665636636393063656637393133386239646430613636
32636261623032663935393837383431373539646532633762333432643936383032383765316563
64353361656538656562666231316632626461393230353963316636626265333034636533313235
32396236396334326330643333386637613530383434373532373163663763656430356535616462
63663766346230323139386133323137393064363261613363656236623663323537326565343139
61666338616564616366396262306265313861313432393464303935653839313339313863623963
38663962396365666433333634353238393036326630326431386665343463323836313936363337
34323039323061333163326431363232633366376337333439656164636365383264646437373364
37396664383665623866626565363538363764353863306137346337356636316437613739343230
33386363323037613735313535303262366639636132303831616430353330303165613362316461
34613966303462363436643238613033623935656436376431663037386232366462323139393234
37313364393061626137613364653034323331633238666436333930653336356161653033623532
37373363366361613539633861336638346332646164613437373535323033336666373462613333
30613063643463326130353665623931353164663039366530343431383832333363363665363066
34623537346234396638383364666438366338356539666462353262343734303266623463346461
37336338386161376639663262633636373261313633653937393433626666303763316432656638
63363762303062313036383139613733646438663535303336616336616365336536633532663737
33376465326366656631396538653463326661663061333133613561343865626162656138343236
63653264633133323134313139616434326439373961326631633635386137383033313330633836
35623266633863303663326430303935666430363534363561383164373937343730663664656439
34363130396633656537646535626532383332383431333336316565656439336339653436323366
30306663386536626362326134663631376364373438353366313761323233643533353761383463
62643963316636306366396462643134393736666332663231636263353236313233393261373936
61623633343335653263643939356463636362353165626434623062333261623831636331353233
36366462346564383331376665656635363631333136323431643034353161666234313839346361
31363463616365633636313434663866373761363230613838323665376431343461373464353330
39343836353665313933346438653566306465383434336363336533323635646334393930366632
31346138333836393065373139376161616461643664353038656436316263636337343665326331
61363635626633353966326639326534633737346630333836656238326434313038323933333539
33303036396230626535303066346235373933646162396363626464663861363935626430343635
62643438653533613338613437363931366536663539363036373065666666343430643534383836
65366232656534643830383963623339653837336333323532663564666165653764393630306539
32303630306363343232376662343762343038393065333133633938343834353364643366636465
33666231393735333733633033363464616362313562396435663931613566393432303535626633
65376439343634323438623635333765333833376365323866303630663733316361636137346361
62656566663238343933656665376535376633373361666666376237663230376262633461336136
65363766393636663830343966663031666661366464386433333939626530363238353530323837
35396330633032656130396435356134633065396236333961333832623333303662643061363138
65353662373939306263383036396333373931376263346134356330356432626433323333356566
34666466643532656265376562373230393663616336633535343262633238373030666331613565
32666534663230383430363033393965376664306164393932306262636666643638373966653833
65333933306639383663653634333364616434373036333134333939656539333132376432356232
38326636646462346537666437633733656431323931633237663732663737656133666363326232
32373964613261316131326565626666356433303030316264383966393233373537356338343261
36616630363539666364306362326264373933623439306337383338613937306634373564373034
63326236353436316538643662313732363639363639646239343066656564643232316465636530
34613933643034363039393535393139333934633832303261633730643864346330663862356264
35333932663633383336396564393137646664363532313631626462306138313665306232646363
32346538663162316536343634373735663161323862383264616661313932396532663538663538
31383931316538353433633937643934356538386639346637323231393438333633316331646237
37626666373436623365396134353837383731366666653563386565643466313235363533643138
34353835366664653431666536313638356430386331323237333535353664623037653231616231
63373638653839316230303463633664643831303465393939303061313136663135306166646239
62666363636565386131623637663562303239643865613431643036386539393030363931646362
65373238363639376333383364656166656363663136373435373933303061386430376265336131
34363133633738626435313233663139663936346663653563633036343533326435313563323864
30336434643536336635663563626237323961363737386232336333623432613739346265633634
64356133653362646634393536343265656364393733633365343230666433376632623230353638
37363562313137396134643163396435323464373133613664643639393163663837306165666562
30323636393966653661323662353536393462363762626435323737623732323265386338316137
39343963646235313334383236353833326531643438393935396365616536633361383962323865
66656661376630343633336636373762643334396538646634326366383464663830343134333264
61303530383930636163623331666436633632633962306432313531656237383765333630646137
35383933323734363637653465663166313065643533343635353937303466623162363339303035
39356131383032376634353961666532633734303163643134336161393038633732306238376461
64326239303365353335396363343637303065336133373037623038636635346662326430613535
61636265316263393062633132393730643837303763643933303065383630393838643261356161
63643234393331656331643964663466646665323066336661313138616336353038653762373739
38383938333339646464636465353263613136323739616437323038653763376532
