$ANSIBLE_VAULT;1.1;AES256
37326231333438623865343265643531633866346638326264366138623637363233643165663539
3233396137333138623131636631363138383738366334310a623463383637333861303436323061
39643637613437396535383038633739323132376436616463633566376661616361333461346336
3965393138333135320a653463343732663434663735346266396333303734313734336638613735
63333633633864393238306638646630346139616431666539363363373835363164373635336133
62366563656365386534646666363035663537663830633661613361636665323937653137663430
31616465636532333366646161616139643638626437373134366333343030323165623462623031
61353437393566313336626264336634383131636537356636643539633864346264306333396664
38316130313661356232396633313137633535356630333535386634653938663231333833616364
33333434383238356335336666326265353663316463316363636365373762653130373731376162
30326238346133393535656531663562626265663765653037666162656233366663353531343166
34376630393739333961663138613934333434663138643263373164393531653561333938336437
32303966386238613432303633313064333438303861316363343230306137383733626564326330
34643731616666633835616638663266646364636437633639313464326230623565646535363338
64383665313361656333633035656232643664313265666635366335313830386336383464333837
32316236646232363737383235616666666463313861626135303538326435633861333433356434
63386162636337336463633639623461376162656238626239613564643235653136616466666133
66353664393865373730613330666364383562373735623439393036326538323562383532373230
65646164323930313735613335313464643731636261386266303561353662346663343538613330
31303764376533323564653735373835373061656433636130663137656134336433323862633265
31373134643163396435626230346563373433323734383537326339393465303832393736643935
61303136323931313036343766323930386664386163353633353563613732613734616630333863
33656465656137343735643161303262373339623366373461323831626264383937616632393432
63376266386332323066373637626132323238666632346630343330663532333932383638396365
61643735333565643634336234366134616532373332306632643536376139613534666635383437
35326338663235633937303864326130373238383864326261626566363836323765383930326432
65363933656564336134363833613731383061333635333663623862323832336633626663313663
63636464356334613064613764663361366431393366663938333133326130363731323331356435
61386661653134393532363661613361323266646263646661623437316166616135303737363664
64636135623735396239613038313363633862666135366361373165323764313939623062353533
39336464626431306133383865336134393662306265396130643964336365646537333336636665
62363137396138626634336531616539643438653762613766393733386330623365623836623362
32363666333132323131323061626632633738313266343438326263343832323661383039373739
32383364386232316265366632376431303661656165313763616338653563636362663636303131
37396463656462303133646533303466316631376336366162306562613465323537326637373438
31313464653962613937623064623734356664643937316236306635616334613835663565356530
32323239303937313936336534313330633038626336636438393532323334353835356465363732
35643965646639343061393233326532326536663039313734393563383962383236653366646539
62663363613864623165336339663861666362363362646262336661633136623838333533323138
66303462323935646132303466643538383762643966313061623732623736626164336465363834
37306333636564626337663130383162376236393032306437383730303031616538643330376633
39323062333837633434383935636361636339333365616439643633633733396534386434343038
34333763383238366235306635646538613466353061376365313334373066363563383531326539
31363637613734613430393232326464363461313731353565373035646536383133343735643931
32376361643131386539393365353934656564616336663265343939306466666363303237643662
61636137396562353535343333363532363736623038346333336430383530623330393633353362
36353438376435363036663133633431323236646365663235306537616436396662343564643036
31643137346230326138303034343661626537376635656161656434383838636432393838613238
31343736323465303438653332623565363166643565613763383431323966313763343861306464
66613162313835393239363833373561386234376539653639353765643732623038393365383864
65316531663631396435306139643136313762346439353433663336323736616531633439323435
62393732363464663062643332626539626234316163616630656633363830316134363265386530
65373962346534396565623963663265396662316132373933346235636462663864373661383239
62653330326461636433663563383930306330383034393731353535346562656164316330653664
61383965363466356138333335326365306538343439393836626334353963646362353265383663
34626130363465616632373039636263666362373036663564376135343831383330656266613939
66643935383463316233303663333538656634366133323237316661356532333630643935383761
66396432303238643965343761323861346639656339653664393334643865366238353665306562
38656663616237633062633165333436306431393636613164353239336635613435643930356265
62616635383763653830366661326465386531316664373661356133643965623635646135336466
65383434323662366364636537393730353730626530626534316531663331626263383663376335
65653962626662663763613636653235656439363961373161396334316636613633633162653134
31346133346564653731346136393264633562656462343232636532373761356261383166633038
61656561313233326264316132666331373338393263643261656231313065613563646333363064
34613232666465366531383064306335333933633731336337623432303262633631373733656534
34363863653338646365393533323034343165623631303830313034383539633565643630333333
37653033616630306266366332343138306565306564656139313034613866663964373731353033
65376266643962343937623862656464353834653664393039656561303765663666656161666362
34383536326363616238396630646266383538653238396530623061333531633562343437306531
65326530646630356238623866373938343764303761373365613264316532386430383833663462
61386132386434346639643934623539383737333236313463336664346635373330656363653437
35363763636662316164316262333834323933626362303837623662633639363237653265313530
66643135623136626437653865393262623863313430393363353561373033353535653730383064
31626464303533353861643335633138373933666137633935373633393435626262626332343361
62376135393966323136643034646639393963653736613332303465623161326562366331636165
35656233626165353337306132393766666430653038326530376435616435383931333032393730
61393237616130306438363232343365646532313861653466623862623762396639366439613833
35323964363763343436653732623238613462613966633663396561646138613631616335323265
63643036323864376234386566343331366265396131613465353631383234363163333365613835
32366161363936343138656464373435353936303135303364366138313738613865646565633033
35313366643636313636656236656333303065656465353263663735626663326333666137396265
33663064386537333531333439303332636538383437333134373534356634303361636232313137
37306538626461366565623766636133626566326332316664393066613632363930636634653365
65323466343461303639386563303232613933346234313638613563396666656434333636656236
62633838346136623532376666306636623235613365656230666265363436653435363338373034
31316362333333303066613163626537336436373062366265646132326634323536323962663239
61386265653130333061396465623131326536653165383738333937636631383038306163333438
64343239336535383831396131383235326239323538326462333733376566373031366437313239
63663033633533343963616639633465396363313738633764303333303634333738
