$ANSIBLE_VAULT;1.1;AES256
38353866303636373835303063383037343338646436373336363961306538663638363561653861
6530663531646537646431356161373435346330316162320a383664333338363532636266656666
36613663346235626637646336386132643030373561333531373661373663653561393438306362
3232383364376436650a356162623861353563663434363863613132323664393761373536363832
37613563353139653837616365653365383966313163623261336461623535373166323365356661
39306661376330343437353833343439333235343834616431643532313361393139373032306439
36616461646534613337316230393735663164656361386234373834393561343734626139656363
37313030663866396261613836636439306166323363363662303438626665343638366165356234
64313933396133323732643536373537636232396137323235316236323563613066653431363464
61323238643639366131383866386136653537616636656666663134323661616262623238346339
39366363666164333233303934663663616563393936643539636434366665333534653930366131
38356463643937633164363535646564346435303063393761343937366237336263386263653034
33323764303234663065393365313339313261656465643838363961653136616636656337366138
38396362343961623963656131393730636436313866383839333563316536643537376261643237
30333138306663393836636533613562313464613637313130333466623263326238393961323234
33646334333135613430353737333265323064663933386564613636373631626339346261363430
62353236323038333962353536643837353664303636323161623839663165313961643038353131
36666435343966353138633533306561636366396366383836313865303332663065333536313435
37663637383534366430613864353735353439656139376337303134336238656463373136376535
39373565396636616330643161643130373632323965626434346362316364303938353630333737
38393766313563346334363263396564616239653439333463666634626434323831653064346139
39633230396661356563323630383134396363363439643032363538306537663036386533343561
37666232363335663861313432383662333033313761653765373566646566396634663033613734
62313061626565646633643037383561326261303336363633363734323666623764623361323264
36383836623732616435383166653365646133346563346235393038653432346465393637353130
64326138356439356363386334333265656466303031376135386334633537626239663865383832
36393837303164373434303632303632616235623736306437333237363465323161323830323635
62386263363931313531383965323435316330333434653665623561623438353966633439326534
36303337393662383837303262366536313062616531376439303733323930393730346133663437
65346162316134633337663234666361653065393137316537366461323165366138383739343862
35643162376462383437333630303738613938663337393030333064356262393136646630383965
63306439653434653035326562666230396365336232666233313262306465653335383130356463
66373536313730393834663762636132366238626534633166613239383533316135343335623133
36383732356463383465313432626262353237616466386531363235316530653232353665613962
65666564323238626238643135393163613862646239333431663233623636666666383236633935
63336233616134623430623632333035363434306564626635653763646337363861636136626535
64303963316139366564626436633163643139643736356266363739663933646533613230316562
32393430316134633836303965656135623233623436316637626231346361663835376236383937
32306464373663623162313831336566363736373066356161363534323231336331623032326463
66656539333437373732356361353361383937323139373564653332333133386131666432663034
30643461336161313735373634376235613136363637343034653965646435346663653737653432
36333562376636656664303263366362636136626130366233373537643339363466376464653732
31616631313962643335326534626161313663646631353537663665303063343231643235383464
39346462663435333437653565383139353562313766366662383639663433306636613038653661
39396435373064633037663466386633326239626132376466616236323264343338313463386331
32313962393061396464623439353939376432623436313963633230633736363835303930653463
39646466653632353065663662646133393566353564653838613766323636356434633839313162
66613661353039643535386638653034373964353065616666373330666138313836383238633530
32363061343931376565376261313932626366383632653262313531306663373439313339396166
35626666363934383364353563623930653530616265373234326239306235636433656439653037
65666437303437313264316538636439346339383334376533343039613161643835353865646363
62643637613965343433666465306539653663326331366631383034633263656436656230303330
35613165646530386634386164633131393834613836333764343838613038346462343432613933
32626336646262343435323966386537393963306536336433643932303838376235386331643063
33386662646562613239313635346166303663336130333835353235386431643538323263393731
34323835343165376265633535316161303063666161356331396438363361616562306365356533
64343439613036373765636335643365323666616439636133333338616364306463306636326533
34336666313862333262643235653138353936616635636533346466373963393630613336363431
34363861383037633966323336626664376531326532643038613630393333643739653834616637
32396538333163336538626463306338373139666362373263383834646631396462633338306163
37313561376665353165343737633938363534323361323532393234663933643935353933393333
30363763663637303631616433623632373030393337353231313631636434326666383562623334
64613930663766396266346536616466396561306630663436623237336263393031656435326537
36326237313161373363393636373832653163363230383261303536356363613264383130313166
39346432376235383563336364343730613632373736656138613033663639633962666462666664
65616534616131633761306335333263333566323962643437323463356134336163636332643731
39323239343664636434373735353531366262343137353331313530316263306364643435633933
36643135303638653264326631646265363234333031666463656539373663306534326236653036
64386335623838303138373039616339393862333663323565633861646332663638656562393066
66616630376133366530626134323665386665316337386562663431653262643665373232666239
37313239396666343461313565666333346334356630336535623564313363613365666661653539
37356333666665306531633638343139383735363532303131343633623237353163636339323866
61373463356662343832643062333633393530646534373561663532366430336564613866623236
31303362366430356137386336386661373339343131336362636332386533353735616432616263
34663034363434643761343230663639356530376239363836343163326362326530323533613766
39303638643835363731386238643661373539396162323934666263346335623162663439623639
63383239343132633736363834386261393466373332326331653733393563633761353435663663
64333862646634653563333838653565323861356362313363333239643162303864666533303431
30333335323530323837663038643762393833663433356337373439303638646665353962613434
64326332343561396534323866656466616631373163356435396634383539383964653961643336
35643166636361333234613239373031346334623137623739323231313230383939383964323030
62643735396637393833613463623932643866383333316135663238343763366436383933313538
66353164616636613434366330326639666361633931343937386336343233383633363137616233
31303666356166336663323137666332633038663534323035633766303365373166623834643338
61623837613536373738376632643530383765316238316131363736646464653566616664366463
63636566303936653430656465393865306637363236313935373964343532323632613733393130
36326563633836643565313931333663306230333039353337643063303732363463613338643437
61633933376365333538373233393166343166656162633531613765613635313265333230656335
37353738356334663239623361656465646331356332643938616262623263343930
