$ANSIBLE_VAULT;1.1;AES256
64613038323339326437663132393432343466333033633262393637613732623865656537636639
3466303234346132623333613339356536356466353632640a343338646263653431616335356135
30343830303637663037313838626539353964353632633865353835356539356537303164333539
3566656464643566340a313936643061386265336135633032333062353232643532393935323634
31623062313764366366656536663533353961623134633039363238666231323563663938353139
63316334353065666263666561306335303133663664373339393137646265396235383731333461
39323863303461623165373466383462636663653433373562303034323461396632316436626465
32316266656134353331323062306134353436363063306138343933646438653634336562643936
61333437363835613938613434393738626435383562373131643137393030363630373733393434
64366164633738346438373166313033356133643734626363633864643063366663373161336338
39353035633265393963646563316331626132666166333562313165323335343637653865623536
61323565363337353062393763386430383637666665373864633732323165336236663731646265
38633163323232623164636336323464623662383639366239613632303463386233356362613063
64363862656230343537393864396261666539646361396361636263396638633264643036323164
62336438663538373665336634303837666636306363393839343262613763333233303765333863
62323161636436653165353263633730396662323563326561363338313030386130613539383365
39343363333066366532363261353636303966353333393435363238666462396661366162336364
36326134666332346264333361613866393233626432336131303032376135363862323939373565
32336562393333323536303430633465346665396232383634313033383337636265363164316332
36343232643463656638333337313465346564326639633566323266626230646361326630396464
36313232396335633462666364323834393237643238653137343066323139323965336539656262
65356230633835363661663334396238333262653337373539636564643136366436393064303862
33633037623362353232623538666336333331636366646234633163353532653836303133313861
31643939633431393634333737653437363735313731666336626331363063393961303637393234
61313937346637356164633538663634613334663965356435386430376663343030613564386639
63333662333264303161383739656261376262383736336538663939386638376334663136346565
38623437393237313362383163373863346437656364666638663062653166663437646266363938
31303636393461653038356438613963636332343765303436363833306330376239633966313563
32356566383437396162613563373765323038613535326432333332313030613235646166646461
36633831666138633465336361386437363734323661306134373232643863636536613331633561
37353831333837383839346562663661326137326432633665313032313432613536326335663838
36633464306136313865333666343735623561313166373236363939653831323430663163646662
34653565383138656563646432386363653161636138653933633636633065336262326336646365
32383731323534346539636333323561656235363663316332663966393035366634313735366361
62646464343334633531353761346361636432383664633366333232646632633036663563346238
30636534656362633765333539383733346132346134373839333362373132643431653437353832
39633334333733613235653465326161303834393364376332653838663662366361643037363537
31383836653063613862393237633137323833366630663363333739613932643132623534663464
33613435343033613038643864623333643739626634353335396239333763666234666134323033
38643136396238653564343566633736663361653537333538376131326236636562616465353065
37343731393535623837323961313566326237623632306638656638336635313733336165373666
64383933373938346431366666656564336637626261383966633238633166346138323031643139
33326137643232613439643236633639346262623537636165333561353439383265376130313765
33363263613661626333333830343336336332373539383663623937313161323262646666653361
34376432346331313962613437363337303831613739663963643937613764613038663138383566
33616231383663343963613161646230333331656238303432313430336662313030313338323432
65356464643464663665346437613665363139623230346438613962663935653735666462303237
38353963393231646535613163616663373362396563326235303035653264393033623939343837
37393038366230663732643965376237316132316338666637333864666538616338333139393032
37646638643935356231643337303231383932323534306131643966363339616263613166303239
35313936663136343364366239386135383630636632316661663266343435303361306564353066
39613434383966343066636434623963623436373539383133643665336336646263666561333962
64653237393237373563613238633737386533383535643632316338306235656334323331633464
30616537626633363063356439316230653663316433333931643132383637663436333462393837
64343662653536366234353337633563376633353331393161623732366538666631323761303936
37363734323936356537383736646435656661363631386564666430613565613965366434303164
35366564363465326231316263336132333035623633613932373736373432353134393564343832
64623265396466373734663136626538613934623930303139656166333336653964353937643632
31656633346438336134613833396230353866346336663333353939333064313035316635383534
35366565643833356138616339333032383639646231323538626664303530383264363537303232
31623235666233363135376634363638616666393437636431613435326338303531666533303061
62653231626563616634343833343332356234383133636230643938326361363531643036623833
63396563653036323337396266373261353665633733333438613664396437373134393536386536
35666665376662303031326563656432623765303930303764386633303363663037346666323262
35343034653239373738623230313062373262386664346263373638653961616263326135636662
38333530613362636231323665613264613735633138326263643034383962313135343036383133
38653764633861386536383135306237313938613236386235646661643531613236616337346330
34613262326664323264333131383766633065666431623538376532333636343663646566323633
65353332653631366636366139326662323533353463356333373930333533346633353164646139
36323734303063396466393139393761373737336662323338613164366236373361623465666436
38346531303339663962326636323864393462653062633636373231623036353165346331326337
37303466393964323365343230313634663737333463636664343332353932626439353263316263
30373431663566666366623162366236643939643736613838623233366663323662653531336163
63346535663232633435366330653938346233313866386264643138396336343539666630666633
66386635383339336332353734316566623039663230666661376361383961353331303336663665
62353336343933306461366164363037626366363531613661373333383766356665323363643239
66626130373461643231396636303337323437373532353838623962323237633938663964616561
65393036623732383338653930336166653034343233663835356162363535626537613031613363
37626464393930383331646363373033316361663564356534343532343365643039343865633831
36376138336164386438313736383162366166613565626638343036393163626461393464343937
38336531393033313964386365383163326332633630616565326331373637343437336466663466
39353030313138663734613666383137613436646661393632343863356333326336363433303665
37636636316564663766353335303233393231633437383961613830306436383530323165393961
32663830636535303838393135616534343331333861616330303561353135333463643933393364
37363437616463613063366630626563366164666665643861353536363334373834393933646639
39346565306264613763373332623566656435626139633932393038653230626439663139383530
31653032643637323736333437663964613464646538636265306262636665326161353737366164
63303663356531626138366261303839643333343432306535633939383064653030633330363363
33343936656266613030356630363562356231663564336530353631333733366530
