$ANSIBLE_VAULT;1.1;AES256
30396265353038363063373536376631333730343261366433383238323963323533646130333765
3436343032393637373737376633313161373164386463390a336464656435646536306637356463
64653362313435643437313031613663653336626562626331383939656231656162356564613330
6165303837343633390a343962326137376330383761386436613263366331313862316466353637
35393739663933656637353937653962356235353361323035616564646664356337353534623061
61343036346533356164383166323938613735373631346332333931653561376564373063643363
30373666616261323664353765613434376334353633613065373233333134616566363132333162
36623935653463666436386164363939303839323231393562316430396534376438623364343431
65373733306638333635313965313263313734653435303839613764303134383333666663303563
33303839373339633835353138333533396433323835666264333433646534666561663662333736
38323532393738356562653030623238626436393837333064393236396534303738383436346261
65343135343461653939653136306362333335313735363539313730363231663863363762663033
65303664336532616237393466303439393331393231663466366636663638656333633366653131
38623664643162363031336635313030306164633234666436633934373163313833303561386238
37336339623936643064653232393437643536306665633430316563326166356434373861333061
61343337316137333033353234333431373231303038306237363837316634363930663033386535
65303532633433356263626637313033313364623761353266363761643139323236323037323933
63623662326431313363663163376432303534643061396336353866663266643733336462326230
32346466373132376332613933613361363263383935646630343537306162623536646461613733
62343830363766333038366361663635646534663537333961616264353033313864353235396139
35326665373934323937376663333834393933653437323432646338376264653934316166663131
62306562646430316166306334363631643063306339316336343431373561356432646435386162
38303330643934636561616634303930633965376535623063313037373432666439646634373662
61646561653564326464353737613164353164343036626432306162313930653365303161386164
66346630396234393964643761333231626235636635663732373237373533336137373962306135
33636533643638326137623065323833313737613437316430356131313536366138376661323636
65366430613839303238633061616664653831633034353837633363376439333931613462316331
35663862386161656531383565343433333837646237313134303761343538643030343639633530
61663739363333653362643361313434663066313433633166373763323133353333343233613635
63646432343731666466306534653765613236373063643366613661636231313738343433306362
64326538653831323435343765376564666565646261383838306564383134393138326166616532
36326333636661323163316164396466373636656266653137356638633439653338383766366131
34633763636564653731353364633266643036346330653030306436303464616438386336636335
30613465663433363863393039376630386236333062313664386265343333383862363963396330
63643230343032346662653036616466373262373164353433646665656532616239646561313133
34326136303261383262346436326664346366353335636338633961376436363339323239666332
35633530373334653964636334653336326138383663386134366162636264646563653831636265
66396135343035633063393235373164623431373533303336373731376239336261376265663965
62316431383366363334353031666634666333393830353731353039663962656433326266633565
66633634353938303739396238396337373533373231613436643234643366653636336233666466
38353664393638386631336234656661666361333738326465666235396264323533633237346534
64623634356365313464346266333131333031316666356437386339353131366135383833633836
34376534323633393732613536626465393830633661323634643939306538663461653738356131
64353962623132363265316231653334313062656261313138626333363539303637306338613462
36646632306565333464373636326237343063316666303465363138336638396231636436396464
62366561386139363234363837346537303036363630316164316435613863333635323365353931
38353364366434653033353930306232336365616265633366613565656139643963343536656536
35613762613963643365353664626164353465346361333363323432303933666466616331636130
64656635356138353230306239343039646436623339303731356165623331633230393935653734
34373230326533636131623763326235643838623236623238363761333065336164613265303531
34323931396439666138663730336566306536343033623336623464623636336362643964373236
35386538376635613565383465633737393430313663376363356232363339373835666630313864
35623162663763363932623232303864373062613762353335653436366334613430633537656366
39356237363733363363653663353361313864313732656131646537633530303966306162626432
65303336386236623033616539363966363166303632313862353837316337633761316235633462
64663832306263326538656433666630616663383534343766616530373466323333613238316262
36373132306662333336653239616465333533366637663233356166656563393161393535383730
39323639346565626634393337633230626261633664316265363066616134663332326366656339
33323135356430616636656635636365643137316233336539633034393033666333333862343535
38653835656461616431643264653033613533353037666631393735323361636666383361656663
66646333663465383665396635656163353035613837353033383461333732346366663135383532
39323237336662356636313163613466636533306337343034326236316635316463393830346363
30653661323537646663353263363834623864343930373735313462646230363266306162303131
65363036376461626162346365353134633963333238326466663232356265363530656136633939
63303136663033623337656533626231353031336361626364313437623931313434643234303535
33383739646265343266363433653137626238313135633535633861386131383165363037343461
32613238363731386463316536343331313930386537613466303735643038323535646366636332
63303435633062373931383037373937343163303431323936376666613036343161636636376131
34656165343163303936656235343838653739343566356536643436343266643034313662366233
38633234613563316130336231666162376237346631633536326534393730353238356432323361
63383737333431633535323430313962333538346437666436306137333062383166316362333134
36626635666638306430363238333132613839613038316265303930306365343761646638346538
65636338386236343462363265363561356331656663336265383730303963636639303433646538
30356165626466373333353464643165663738303836306364663139323465636436366139393038
35306236363434356532396232663638323234363266363030346665663966306534623139346538
36633936326531666664363961613130616561666264356334333362326363356233636336343161
62623836643432316335376230643233326361643065643865356539323962613536313037366666
65613632356432313161366534623963306136323866393663643164613334613564383565303961
62623239663332303666383031343966663233633663363737333766323562356663383562666333
35333262363164326233333131306332383134616432323564663430326338376364323661393538
62633138316437356162393937623666626365313166376564396465626135353030343761316638
63353836393538643939363232333436653831656665303638323832643464313431616530643865
65356636626630633134363034313036343764663263646534353836336637306631303230356234
66313231616261656162313062363738636563333632643462393235343733636530656538646266
33303432666536396135613739353263386330303630616234386664376230323936653763316465
62313566623635316264616266326531346130313336653263353461306236643362343530663634
39386631313631623963363565333361393266323534326562663537333930616531656333303433
64393063643232656535386165353963326263616666633134663739323531323537313035616663
61363932373035353166393364343038333530656664363737303466313731303734
