$ANSIBLE_VAULT;1.1;AES256
65373237656266666530346362303633313137386133306564653165326463396562393366383761
6566386530663761396639363338653139646131386538370a386239616535323366363630366335
38376161303563633162636439386261386665303564393032643432663830656463633161326362
3562616130336535300a633333653731376336376562646364353665666536653231656466663732
32663566313933316661343164343338303936326261376132316132303363396662323233306163
31643631373636353962653031653033386239306239343166323733616461306335346534393064
33653431353132353533303236326564383134666530666534393562643338303034623036343864
38633464653964346237353262613739643131323135646638363633326632616330633131396161
30653733396261373762373930313433336134343863353430313733343936313434643737333434
66396131623835353433313037613234336466616462346333346131356338396439366334373539
31613135306637376339663932393062313339363866643633636165653332633439306137306137
63633034396566326236363362666363636466626230303463396466636431366261323236616661
39346239623861656564353734366561656666313237353062323934616130666131356461396232
63363734633564353031393037333536366165343362616663616339336331313934656236616138
37316234613036663936343262386632316266646338643762653038326235623362643165383262
35623231636233303033636363303666366539353635313835373631356662363539393664656531
38623764613831343732333436613866616339376562386331636334306337623365636361343930
34343135343362666537343138323437623438623665316339653638363565613534623534353263
38373733363765353462393961613332363031346232363735343364633731333137626661616665
61333339663734646236623437366534383234323431623438356232323362663236363037306362
31633431383931353632386133653731343531333336663830663235313431626337653862366638
39363935376337326235386661393933386434613564666230626365366261663131303765383639
39366436366338303738383838666235373337343339623337353532333732393264346535326336
31663762303733353962663931636564303736373364376231353931656139316335373266363064
33356134376632383761616664623163653037663166376563313162393862616231376362383530
30626531373436373937663639636634633366653363323939373333383764366464643564623932
33323163643665366238613236306231363733666534383665313733613863376561326664373938
61633662643336616161626135383636383733663339313139343638613866363533636363336233
37316137303461613662363232636239313965643439613761613561373931383966656366313334
65653235646230373533393734376434643563393666623739626434306364663132633261313364
33383634353032653339306165356636646265326432393233316265663230636335323837613639
35323561373034383664343361646266643733386136623366383565623330616431323435346531
32306536653230613866323531633765386631386661636532653133373133616234353838636563
33366637363838313861363337376164663036383163316535666539376239373332313932663638
61316266373061343936323035613863386136386665313131636234613439316130326264333434
34633531323231666339626137643035626362383032643465613665643864373363656165323038
37356661633939653564626539663361303738373961303032656532336530383133323936613633
32653464306330623833346566633634326435613961356363316365613437363432356630336230
35343131353338646434656233623765623138646464663439336162326539376663313933383361
39346438393762613032323831356664623264303837353263343561393563333463303531316330
65373230356137613530383333623065663634616266653331333232663762613738353837393662
31613562366538303732353130333936666538356632326437336363653232663636346237393639
65643337306631366535343262303738633065306161393362383038386132663336383162663461
31353938313638366639663561343737396464396361333463333964653133373037646537333466
64323330376461363134323463613535376331666262353739623565623934623832636463313530
61336334666462353433373632643861666535393031383466663930626135666433656338353739
38356537326561623965343562633430643637396237313063366538613830616237373464303032
62383732343166396635303434633264333733643335396565313530316566633163383731363466
31653734383432336630333538393566616565353162646639623238323035613261366639386264
32323331303030343465323432643639383036376434623331393134363961643530313766663730
63663530343961643131666564346665663763653462663964343934663438316236386366383664
63353463366631616665346564643564306639653530663364616630373531323636353038366663
30653662353137613537633566383735316562316432326430656535383231323337666332626437
39316663363635383730383636613231303063396566346562623161396237653239643163323566
32343962633763663636346164636666623735386138616164643236663561376533313132643931
61633164333035306535393636303862363965643264633630333437373765306264393137343039
31326236356433646338366632656264363433663338326463646136656164346235643333333635
66616561316361353639346639373161393065373534346331383363653839613234616630316436
63346130316533383237653136313239323939396231373234623139393634343135303734386164
63333662366564353735653839316239356266663931383737653461343566666363643439343634
34393064313631373365393934373233613462336530373062393735613431316237346534336539
37323936386235356632383061323636316238333765306561366462333065663939303636653261
34376530616130666231316138646564333635393631366236343534346134636330313862623261
31356562656266336666633837656163663239386466356433663665356638353433353632346531
63383966366130346166653165366334396365336236663463336232336464666535386661326364
65336365373434396263333165636335636563316565633766313665363431343062343866353037
65316665396531366338393030363232333232386265623162303262663030366632373435313265
66653763323632653733303064363463643461633833326432623635643536363139653330376533
32653363636564323631336463373165643261316136363632323565623364343130353962326232
65373765316239363465656535643130613230303061306630323034356231633662623639326566
32343430643434313230376436663538326637633236383831356433633961366132386331393134
34393934656436626464316630303638613763613539383535313065363536343734643838353939
30663439313632353631313239303663316335653262386238363464646234613531313435313036
65346239303363383838336664363966663461656332626533366133393033626237343630666233
66646433383537633561623932646566636335373832366461366434316438326131336431313833
37646464353733646636396438633836333064646138323434636463323362303937386437343634
34313733383663663761653565383835336165316234353333383265656565393731383763353030
65396330383665303066613565353535393031643339396463653032323939613032663662663166
64663366303335623139346436646265373639343965363866626131653962373733663830383964
63616335393965613338623431386436313564333137663832386636346535316634653765613631
33633864353837323431653262353037303539666238386136353434643730396635313937626263
37366436313562383733626535353865373437636636376135656465306531613365363964323435
66613833643637333462396264396239336139613639356631613136316234363463313561373363
62666666363934383232666562666439653533636232376439383937386538653263323832336261
32343537326537666239333036656331643532326439316535313232326437306162366566636366
63623339376632636432323432653461316166343438393839346630303435343537613563656135
33363733353335333534666563376439336132306334333433633737643837356565653466323136
61333962613663386563376566306461616630633432316339346265643034636662373434336634
33646563373935376134633362326233613031613065393434343835656631633734
