$ANSIBLE_VAULT;1.1;AES256
37366563363965326164356535636432616132343930663439306335623764316335313138663638
3331303738396630393635643534323730383631366230620a346263303563313932626133353238
61643539343532396630633663663461303639656362376530356566633139353738326163633835
3064323063393631380a653164373332326466366239633735366331623935323866643036616238
61643534633735613336316338396336386139383935373632376362663865393634636435396536
62383762663463343339363337656337346638366465343936643435333736353834653238306630
31623632623563396339623362316663386135623761336264356438653964346231346466316539
63636631343134383563373538393864656630326236616239656537333236663732306330393063
37336161303339313262303962366562393537303461636635363831663165623539643361623933
35393632303535343039386335396536346663373130356332663866656338376263316637363065
62316161656562636261303139323335366261303064633463323633343330646639333639356566
38373962363133626132623234626334343232653836653032356561303930363534616463636561
63383331323162353962393038306564343233336366643761356234333563376637636664323661
61303532313837633763666238386539666631373966313232313762613937383461363634623338
35353966333838623164303261303639316535313932383262303631313732393139623532323161
30373231343661353232363336373835353961353431613162346133386234616464316362633361
63396363346561653665653335646663333164333231626431633863396362356335633731323966
37323531383063363737613237353362343130393563633930376139643333393439323736653762
63393633613431326533616631623865626537353034633133666135613164353635303136333937
62393866353837326130333537306335656130363336383438306265373233313364626364356464
35383563653662363263636236313830333331646535363934626130346336653963353633343863
62633261623630636162316366363761626230643865343437366362666432393334623736323331
62366533623166376136666132346536663561383936353161396139333731396162303362376463
36323561323438366137316231323564393030393131636131356364616239396136306661383333
39613063356436623165393438393964313666623561366462353261326632633965323634336364
39376161393439313766633561323864383536346230646263366633666134353764653030626139
30376236303561623635356437633134653961323435633132383430353637356632393566386438
30383330346531343530316339373132306136626161643535343433323237303931396435376462
35663137666535393665613562373230316262353436396665393538636331643334633232326561
34393531306638323737636436306432626266613066356564366239643562313534306265316562
64646432353466366338643036646334613539663565623336373632326361356235313030363938
65366466333130333538643933373338333738336466323664616132373864306534626631626662
30623832306534326437363263646438636537646532623961316231396261363537323133363966
34613863316263366237313263663631363230303666323264326636636666643437666533616264
62303964366664643333616636333534323264633463383139346235613162323931613562633862
61313965306265636536633738636331626465643834343238343037623262643562656232396531
61663731323231336237323263643262613762666464653134396664643763316136303963636431
65623731353234313837313037356463663966613866333363343461643537333330616466363263
32386237326366396464326233366137623339393834343937303138616338653566323930306331
34343038383430326532633136336335633439656661643131396233623964653939303035393733
64633031353730623539306166646662326338366631393539626365333563336236323263663963
35663232303135356634653337633532643731303339616533623662353931343236656637343863
32376631356333376135356265383262613531666333616466626161623736373538333065633439
38613865363061623138343334363561366665653836303433373465333734646634643831333765
65373361323438336665393062316465346662633338666665376630663031653235333936326430
62626630306531623333626265323732653963633365326666393266313531396233376562636331
62636162303133643666353366393031356437393432396465643235313137633930346363376639
38316239643131313533323237393039646236613530613933366536653034373866653033303434
35616132666231666531343363343031303537333737386634343737336364323061306137393838
61636536313333353536613632623766383033306537633132303830633033396235333338633037
61336336306335373734666165363366393237653130363632643333323732393062373531323938
38666565333534626264336561656538373630656332383361316566326639326362373233663231
62313237633134666539616235353839356533393133363632623161663361663436653333333037
61353234343936623330383366303039653032306164373039326139393162373330383732366431
37666163643732633430353865643538383131653861613030393533393663363937623830313635
30396265633630653361313166316265663530623437343536653161346462383134633430626337
33306535323664663437353134656334356563323361383865363564623661636639633836633663
34653162616562613936373665343463363561646137613261616263313639386661653937393139
31386637626230646262656235313231336362653939366461323933393336383563303161323839
36303836613736316131343964316433323761373837313238316638303038663464393761613234
33373431336563303634363031396530343830623966383365313666623639303965353066386634
65663866636236306434353636326434333563373436373538336137303765663834366666393366
62623834313339306236666132346166663538316365353136386331333163636164386366663562
62346635303734653530313739396539656337663337613734343936393732333033303531366338
35383534373533303635303062303633363562636563653339323063363131316431346339633833
30646535613638643263616365313732656436383437396638653663303335383731316536663361
38616561666666346666326430326462393766643634666337313739646339303563646563663164
61643431643562616239356665383865633033653632386237326231623839663533353361623637
38653962646138616632646338613565313165366361383039313831306335396366323835366234
36666630396232306466633437373739303334663765633561343133366635643933646334343133
63663032313062653038663130623930313833636166323231666238633932626430343934383065
33653436373066326334663135623964633036333264366633663638363361393261306431336438
30623834376665666461653839333964626265393565383934623931646265333538623034306362
66656639306666613930636133646566343037396663626539643564633236613763303238316339
65663135366330393863373833646332373432376532646133356538376438323335336236653334
62313364383734343762333338363031373833653134393065303434666435393235646634333334
37333630343364303863363861326138323132653662636238646166316235376539306466396536
64646562316333323538616139363766663532663634613933613565346464633862633461323938
37663832623131643239363633636236326164343663313364346663343366373339346232616239
37663939636363663566346536656232393634373861363764326334613163316431306366363930
39353533313866356431663539386434396563303966386230383034316563643436353038346138
61643935383832353363333766663439356534343334303265626336313438333530653961623132
37343133616463396532306262376130656637393766616430613035373465353636386461316232
62363335366239636363356564623530646337363965386337616238333633616337393264666566
61383034383732373864393339346439323338643333653033326631373162313464393436373638
36616162353031346563366133313838346131623033653537616663363130346435636638353435
66643162613632313934313533336464623864356533626136373738363536396131363135613236
32353334363364316536393036343937333937376564383364383938633136376265353935383564
39653036346661623937353131633561343461386464666531646236376166393662
