$ANSIBLE_VAULT;1.1;AES256
64643362633165386261653135643135333339623765373434656630336262316564306436623261
3661393233633562373431643762643630623432313439370a383932373339613633393532653538
63373936656631306465626136636633623336653234366365633466666266373862376461353433
3566396238313537630a363264623962386662643461383334663735613234383264396434636337
32376639313634643262393438323366353462623939303832646432613566656139326236383466
63626664643431336434306461646138643731323134376163356238346561303037613035393339
38386135376561616430626165626165343434383262353330303965623339623032373235646236
65323432346335383137353934366339356531653833663961663663306638303061666436616432
39616234333932616430356434643835613564363835396265333364356530376235353431616332
61343963343032396535616236616263333234353832666435303462643062633437316263363836
32396265613432633030303863396537373236646630623437373731316361313665613030336430
31336263376337346662353537656130373762386562323638306531303133383632316136323638
35306662646166323636616362346666626236656364343734383238613934303863393661656139
37366163306333333137366561303339636365363962396661326233616535386430303265333536
61633538313936646130636634386362653361393039306361383739613366306161343066663833
39646331393337373564393637383439613834396338643039303930306235386231633865333531
34343335343731356332383263626537303566306433326230303565393661383833616139613262
65633661343434623662343463386230663662623039373530636132326564393234373762633361
32663265663139353566326639326636383332303964653538656533333237666265616166363761
65303538313331383665633237326166363634353439633435306336316264653430626162353965
63616434613830643736646330353936646264323734323231336563393065343366356233326338
38633362396531643836333363306533393964346435653230313535336232323164383562623334
62366532313638313063653331623436626232366539623730653337313136353762383238393735
62316230306534393864386263343562363236383234313934373365666361313861373966356232
38366164303638346366626133383430663963656634303438656566613034386164336164363731
35616261316665636236653032356136333564333635656330663862326432656465303335623064
34653566646236623063366431376332333231613832346336613562356662626637313733373866
33373262366432623935363930663530653638343030663366313562653166633430313662663132
66306165393265656266616137336366616134396530386135626638363836656164323939383561
62656466333764613839643036663362313064323636323565643337616537306237343532356334
63383863636432636239326562313262303237666635663766316161653534363961303135396566
38623238333039346338303538633733376634383562656131613837353039613630626263613438
37663936303264383134386664663561306664363066336233363766316233333731666661383139
31353735653463383834366237343162363964393832633861663739356638316161313031653735
35373535353332636566396261356232393339616363383564356334333738373630633462393538
39363238396132663934343935623864653032623235376139616638653337373463373364386330
64613162376539623835626534366465386236333831336164656661383566626638306437316461
34346434346663643739666231363637373133323737616231623937666433353636333866313430
63663832376535313039336134666330663363616136336636346239333332373866346432396638
38616432303962356234333630633263633765303962313138306437616236646263346335363664
36653439306638343133376235366438373761353038346161626263313766643934363561633535
65343636353936336166386436666238306539316231343838333630333639353032376533613436
66376532616463643030366238393433623234393737656637663366643239336334623963653438
61333439303433376330383037363161613136393363373539623132626464366235326461336265
64363563353134393435313037393130643865616235386363316136323833376662393332613938
63373034636661316636393561323938613431373966323436343563303833323336616239336131
37636435346264316662333865643536333534396331653337386139366637326137396637383132
35326436616639663634356533323165646165366239653266636337343637393738383537353866
36306565613837643234313936323931353934653263306161323863383962343530623265646331
39653834376462643937646438343534376238353263613935303563383862386363313064313962
35663236383937646532336533643630303262313335306562376334356530343033343632323064
62353437656636356664373361613435363736326238336665653061623338363539653438393139
38663633653132336564393966313132643661376165306334323963633366373730376239623737
31643630616366393664303330323837623862376462316630643731636234666432393036663538
65383563323131353931313036343961333231303231396233343561393632626338316463336334
31383563326533616464666439656231323630613332613633303336613433316334613862373561
63386464366630303363393535396535636639396566346237653631323563393861636666623632
66646238653333353165643634613935656131313930313431316435653066613665383063356566
36326332336634646438626630643434373061623737386232366130393735316664363931386535
33353763353336333637323166336131326365373961303532353237373734336338646134643234
32373539366534313932386539333733333031663233356161303963346366383264633536643366
30303031343661653936366263323739313638353166663864623134323136363035386336356638
36373935396337396666366335666466363035393733333630623831356636633132613361363438
66383237393734623765616262626632623231663962623165633966646563653035653161663932
65343037393634626632323333376665333664623734303838366361623238326464343139623564
30366666323030383837386465643534336463363836653537306433353931623530623838313465
61616533363334346236336134656636353939383033626362616434396436376362393661303665
63616535643261643330333438313831653238646330656235663566653637643932613139333762
34303832373063386535373664326534336666303431643330326661316162636664376132356135
61643633663666323130653361363131326166343239363363653064343231616465656435386330
38623034313834356131376535313065323937316636346162373534636530633861393332326135
30303133623365313362353333393533363763663266356166333832373836303262633366306565
64636333663033653139326135323663623766323962666438633965633062346337643338386434
62653231623032663566376464376566366335376562633561363237363565386564396365373834
63343530363732386361633731636265303337623261396631343262363862323034643362373232
34303030656265623033633036393439663132393861333238313534373062636637323062313438
33396336636137666562323261366535633234666364373230613534366230356164353564353466
66353865356133303532643761663263633432316161396537303166656530363462356136646633
65623133633831396432333764393261306533386539343832373432653462666665613739313566
31376364636561623763353532306139343364376637383632343938336532663363303032313230
61396163623832643337623738313761303837303661376638643065346161663865623064626233
37633836333635626663613766363734373038613761343337386139643434633635393831393830
64653131633331333637386662386532643934326161316630336466633236663138386565363266
30303130653536613336626131636664376537363839313963303535633261656665663864623331
32613631376234303862393230393261626133656333373137376665623236643561656535316532
36396161393464343562313862363836386330396163613737366633626234396564383666353661
61393566366464643932316435643037643434323265626238353966306363393665623961353030
32333862653561363666633662313862393362343366333862633036303863646363613235386434
34636231626132306230323464393231313836353164636166646434343464313938
