$ANSIBLE_VAULT;1.1;AES256
37646537386339303064383333633733316130333736343831353034386338323030653935393165
3531353661313039643866663238333238633139643033350a336134323364346464653531616537
61343535363232353834633432346335396563393464663830356535383164303633633965626166
3137633366646235330a303838373464623664643937303063383533353438663837616532383961
62373265363665306432386231653335616236383665303239643030323936623562346432643361
61666631326535356163383265333037366130643938633533393262353463313933643162633565
36656637316337363639313962623638393736663131636637346635373537653330646565356435
32303934363262643138366339663633383936623237383634303535363631643561646633663066
36613838663231313130353963383262333135663765316162313733303733313164356164643834
38363932346433346562663537653730663836636231376238366437313132336537363539323933
37333634353132353834626462646164326133636264336266313633643137313162633037663736
65656333313963383264643439363339313331323564646564373564303864343366313865616638
35663034633636313966306535666539633763633438633064663763343864643235383531353164
38623533663230396532616163653162373432613835383730363737613364336465316134396663
34396137383763353161663061396138623763653035383763313861613137333762343033343237
66363863656335643436313963313534653965313836666338613936383030343461303261633739
62656565323361353534373033396238333063373233613138643263306161323434376430623139
62646464333137323162353430333164653931663132316539643438326533306435333161393564
63343062323661333836613433376330666435636562666165643466386530393334653130303966
33653930373663663966316361663035643937343336616238326563363438353962326566306236
66303361373835336561643831336632353634656638323032303661323139653266353861373235
64643336666664353362643263356666343031646232376432373431326633316636316264663538
63393362623631316533356339663162666130613666373131393338313164623534336235303439
66666162303638333965613331356632393733653661323436326566613433653131396362626161
33663334373666646266646261383163383530303933396339306538623032376230626464373266
65363061626336366431663164363731376363313763636366343130373166333933316365393163
34623637336333643163343837343831323631363734623165323866326566306136326433356431
65353930366364643439613335323861323362303030646665376133666630613065633466616331
62383164613336653035613461353235356166633538336131653635616133373165313962333534
31613236383632383666363133386232386432346636653530616630363965343534623363643362
30376534616363336639383433326161383964636365333066383036366539666636373835393236
32353361346538626262306566393533396130656436643434383039313166306538383530363131
30346335306463393437393738303238366439616632373530656530383332316662313061623062
36626165306566383837333165643737333264303261343537343933316431356639373164653132
35313864376435316233303039333832363733656362643365373332356337343365316665666631
62663863386264636439393339653933333935376165666366386639366464383239323938393930
31653137306530633636653665313236636334323165653366313666613037666339333137333634
63306232663131323937363166396661306265333465663363626132306239616262383166376661
64383365663239386365666664393039306466346234383139393465313230333264336466303939
30383563326438343635623837303232386135323537663933323866383863343762386431366266
64623764623835376362663466363936333864383233653066366631353563633562353333613936
31626536363438643963656263353030613466643336363236623039383032393835323837353262
30303763646130646161653032366333313839386332336435643233386531303961656136613331
39363164633866346638643630613637633863326534346365363330666637636139626633643364
38326131366162326534313035353737623832616632366565353462623839653163643761366236
63313134666163613139396231386264333831346535323734626232313033363365316534313463
31306364376434333362316366303364323061346263633964663936323733366665396139373237
38616563306231616534636463393633326136613034343063343132613437376361323236653738
63393732306265633934663663613630396632343637303436646133366262656139303938303337
32323062383930626431373739373632643937396139303137313833643431326136663231356632
33663263353862626662353965663834653665643638353436326131356461356230306664623733
34336166366466393532333430636261396132623333376163376635346566663461633166363663
37363433393164323366306266323432393138303730343866353161313430653962306137623965
38353333343937386466343166353262663934333636316564343932653961633333313138343038
63373364633464373335323230663136376566396634633236363232646331313937653864393236
30336337393839373663396565613034376133363265373137373661613939356635663064346666
32326436633636643938636235323237653130303738373831663465613338643538383735306562
33656630623637343461316435313034393862346334643833643633636664643066656333373233
39653333316539356263666664653662356232333266316139313438383534313636346565356361
61636663363833633236663462343136333730316434613331656534623063373661656662653433
63636430633539396130353133353732663762643835616231616537333066386535646562613965
62383738336561663433633365633263396330323764346537666338366362393037326430643561
32373061613237633138336532346166613433646630613266623464663862373031393536646665
32666239306135646133353666666537323265393466383038626663373436343931656538313937
39636236663531383664386163666364363235353639366132333662363735643864366631353963
61326536653461373566633232306365333634366262333831666338363366383736393561353363
39346563373631373633336462356639643831623039616261636536323533396630313737646336
61363739376263363338373930653665623461613336623836613635356363363162653833656363
66336333636666353538363963633633373261343434303736366464616634373633616463316162
37643739386164373263643434366338313739633830383066616336363662656638613039663234
63336332646438333066303862633633643339316366663561353263326562393164373437316133
37333964373034363734306138303633356461383533373137323334616331336161383463353232
35373934313834343065333565383065623165343863383733623033626630376366306565356438
62303965333962303166623436646237653566663939376663343461313934363465333965336338
39633964613536343031616435306536343965356435326434366436663831626234633430303531
62353265646331626461613664356139323463613465313034663361353434313538643666373633
32646130333534633633313664316134663133306663393065376333653333333635333234633432
66643337346365343938326330616364313961646439386564393964653934363239636534366362
32653332383665383734353136643239363635616132393430623337653265393735633032656539
34303166663263643531343331353062346232343937633964316162666634663534656366393761
33363066663139306335316333613130343539386136313139393739383934303664653862356261
39363237623936323461363433383363346661373062346265613937396261353936393264366438
64343764646132626437643161356134366435653163616532636235333362376635613531316234
62646231653662323261633832316264353438363136313065393361666637623439343135656134
32643433313433356334663034636537323063383330333266383966393138623863633364333035
30373163616661363431663935333832376535316365646437623838393261343565336436326363
32323264613664613665313038613336383037363136386431386165336232346264306234356538
62373733646135356535363237356337383266363235343330396138376134613862656563373934
30376538313935636265626532303939613439626137346233323534343136666231
