$ANSIBLE_VAULT;1.1;AES256
32633134626639363935316136393561656134613230663164383464333766373433333763613830
6363633433626439653137316432633733666637653338350a353838356164613737353937623630
64633263643230343965333936396461636662663331613633346534336336303133333131656338
3236643664316265620a643534623265376430333265666664386539393730396532323266373235
62373532613362383236633030623534363262336466626436633734633730323933656263363263
33653066356261636137363233316362346330343463333534376637353039396661646262343033
35633630643763313932663731356433623165383766626335393264396631346338613634656161
66356263383930623662393664323336636637373538336666623566313936323935363530653931
34383136373830396266626239343239626330376566323731653762373833633334636464366133
34303261626435633837376234383666373231343166623731626133353461613266333031613530
37643061336633623534353964633563306661386135643631656231653430383133303739613333
61363032316431373434306332343262643339393365316330646238626537383764316632363763
66346435626663306630306430623166376239396162376130363639363065313333303137643931
31393562353733323730653665643931303738363339306463363338366234336538623734626436
30376230626534343365323137336665323739663634363832373064393533333436323530656438
33663739623433623964363064643430313934376261636130626366626161313665623430376662
65396266666135373033303738346131636435646235656337396665303763386665323235393261
38323132633130386236333661383231636333656632383739346534626164643239613833653337
66333637306664333963646564353434393365633763393634376134636433396530303835393266
36396630303366616365353661613732656238363363656663363964333563643834646366383738
37383735663133613066306530636434373931623636613036666463373636356531316133306238
65643265396331346363383132626166643962633164623963663464393730376235313231643963
66646435396131643135346631393138356134333831373735613831333662336538616437633239
61316534356434643936333732386262323938336665396337633538383030353638383566643631
62306330613764346632616534313236396638383462386530323337363331303034643532326436
36333439306566323136303238373837396461313231396535363232623165393135383334333266
64643363363963643134376338343031303365316364616162353861626537623465353839613537
36363561383830306635306334353634316337303838343236343633383839613136306664373035
64653236616339363633393135386131323330363431643033353831633565356264626635336139
30313161643439366532653366633763373866663636656365386336313731643665656164653331
64356566623864313131326631636161356233646632396232326162623365373665616665356365
31353063343665643065306366373165626165653963663063323736613633353061663163393063
37643037396135336531326431393663336661346235616330633832633238323235333466353563
64353932373238313334343133343066636531626565333438666433663236323434346232653436
37663632626439316634393461303861373032353935653461343834303236303161376430336461
33643563663236653032383738643537303262636264636161383937656134396236313434646263
39656366613530366132383437303333333964326664393434376137373434386331323737303363
31316434383335633363626533313539646630396536333162323239306431363066386464613734
33643337383936346639393331656239386363393630666236663238333865346633303935313032
63386134303263383961336661356134396336633430656261616464653064613034653631643531
37336133316639613537313861646133343564353638353935663835646433666466373930343137
63626464633732316266306665323731636235636232383034666135623130636266326239393363
66363437666234363832303631353831653133353638623761323637343466316562373965626533
34346130623638653862366137306630306661663339613830636130356331356334663332376434
38656436653837303331653835326532626165663031393433643863313932396161616263643332
34616462316634386466343439323539353534663432666337393636653239306332336134356334
32323163393731393333616339646534313639363334646262616330636663613038316564396436
37636639393236643362326532333438376662643463333761353562313335346236346135396531
36373738613265376566326330393330616230353330383061306338353738373863306362636339
30666566306662313962373935373338386633613766623334636661633738366631393331656563
62323738666133326132616566636462373963663935656639643339303133393365383531623362
64643066306534623238323163353039623538656638656637383035396330356163656634376535
38376331396334633237333133303761643866623562643061363164623962653666376262613831
63613765343131643034373263616637396365333565383938616635316563653338393939376337
62626430626464633630383538623762303131316561366130383135623034383238646239656630
35323937353236646162303366666437613739386363346565306262333537643035396262333939
33393566663233616165633334316263333165333638646434326365643037626334366232616430
36373231613166393734366139386431303461616564376463616635646562646233373830306233
39336662313166333564653766666663613462306435383964373137666562633338323831613239
30386366326138343532336566306363306638383238616666396138313535393935376139663465
63373962393334663866623966316434306133373536623465353864303232363263376465376361
65643231643662343164656336366366353239366338363135336431633834323737376231646337
33313464393935653566376466383639613366643331373834393136363336633963613962326234
65353438326166353939373764633563613936653532636534383433396239366635633866663630
62303737626335333963363832393261346138323239353234396564303261663038613736393930
38356132356631663134396338373137373338303533363531346334393764653531613738623233
61326634386262376435393135333937346435313431646564636331393535343863653265396166
37613266346131373962646638393766306639353164366661616635316238393335636533643532
35663361396639666563333662306433396638313934323932636662306362653962616563306332
38376336306235383763366536386438386539316336643537626433623464333231393639313166
65666562636163666330643339636432376237616261613361623037636534316430663634383934
30663434333932353730383938323062313461326162633064633734303739313361393765313965
64343031646238363763346266376561666266643834663938333333393132373330363065646431
37326563653463623039663561633262636439313262663263316236386166303938623434616665
39333239343139626362376531643939613363666665353439366133353735346430616563613139
33653562326363663735326461656464616336336134343034393138336566333738333264363533
33636431633634623732626235333936616261383732393330613663356130633161363932383162
65363039373466373330376465626530636436303535346437636164313731643161643234396432
64643336653861353431343632643031313964363739363362626232383030383764636462383833
66613838383134313038623163663065383961333661643266396535333437393130373963623738
61323733393832333036313032313635636361396566353639323935343535346138333830623937
32326234346163306436623462623565393337666362626635323065376433396631623034313538
32383366326633343966663130653936656264663764643639343866376131343634626363663433
33353131643135616237666162323562366539646339346136633964323639346336303235646630
31343632623739346336343333306365373163376464346165326337313136323561613737363136
34333464383864373435663963666435333963353465646338643864646236326337643937323835
30366537623666633632626363313433636139613266323863376463666365636133323934313631
30386563663635356664343363336233303530636161363838653732363365383462643937636563
34336233646464323038313164656165613939353136343535373265376162393764
