$ANSIBLE_VAULT;1.1;AES256
38613063363465666463383633643338393562363261336363306230623037326330323064653734
3135643365653939396634363837306632313130636663630a323565353735366534376663303938
32373935336363386364306434613361353363376464613032313664353038343663653965646638
3963613961333366390a383531353232616162346439626630346664363936356666336132336334
62383934333237653233396435616539356136366537356563633436653738386432646162666364
37653237316562623265643731373336653965363234646538383932376163623865303362363630
37323863653039363531386233643464396238393631366331333262346630373933376232636261
39323162333432346633396339636131636339303663343366366531323137376564333539366136
62386335383139386361653130633533643734633061313834613739616237626162366135666365
31363066636266313066626230633635636632366361646635623831363335373336656362323036
30356666376661663332626234653265323039666364653366333631373639333739623936373332
36646464346262393131633666613664636331393638386563616332323934366135386362356439
39373738343261363234633830653931393064646239353334323032663634333262393930646463
36383036376135393330326234633232656532613664636132646239663638623164623064363466
65313666376333363862303964326263613861366139643232303861376466616431336465643937
33316438636538626335386663346563666534356365373737306233656239393962646434303335
62363131626433306266363636373131636635316665363661633439633539363961313166356536
34383031376535353536636564353933666339653335316639633031653162393163366339373930
31316633333831626530616432643935343936633538653036623834343138343665386234366334
31373261623762643762346236326262376264663061643162373763376462633737313163333035
31336335383761623635643538343166623335323235316530373864363666373833323533336462
61323763346364653033313534346331393836343263373865373935623735326532623435393963
65386661616131383633356466393530343138636139656137646532383238643335386362656534
36333163656564326366333461303934643930376461306533396163343733303466323238323233
36353631376637623535396466626361396133353036353764636562613832313230386435663066
30646466373136313765336165373565313162616238626265343065626165616261376634313330
36383134323838613330393934623239663966366430303439346136623863373161613863663362
39393334663731666531653865336463383661313135613635323666386466613665313763303130
38663963613766623531613035366633386365313763633662313637613666663062613266393539
62343633306565303332613763383838653338336634636531643462623465643136643030303830
66643535623039306539643138376537323934333365313562393964333665656638353233323335
39336337653934383930646536303565353166653035656364663537663134353431393930396430
30353364376633613131323637333935646462336332326339633465393030663465303937353362
31313935346361336237366639663537373335386264643661306463323735666633386563303334
31616166303234316566356331613365626562613535323139303639346131653262316563383331
36663161313738393661393634633435333735366337393933653566363439613966613531396363
32383765316664346439343161666430633031353164626362623632613762326665343432333333
30323931623332636335396162336162643435363961323066323665656339396539333563356337
65343761383134633938633039646163663662646132313262633266333230343935323139393136
30303561343335616532613462363832653966386565333261306333313231356134633561396337
30313831343632333631393838376131663332396332323538333864613666623130636430363830
66343730626161323937356537353431643535393338383139303762616432373564643136663662
33343738316337636262663934383035316633633733623938306635656361316236316135663237
38323263396335376530346438363263336434323365663436613034306661333336303739626434
31333438323764636430353161363938366662653232333434623237356564396233636662666536
31383433353835663131323336623362333431386537333137623134333331623733346362306436
63623939336136613065343562376239346335336133356332346430356333303363386439653436
35616466663531663261626263353133653737336536346433613338323765613835303838396338
32633138646662646632303031353134633663343139336334393132613663373462613138623938
34326465333533633835623035373964373539343539346431383936383530396439323264633231
64373331313561323937646233346138326139343034306266666334653337643261343965653561
39623261666636643966356565613938653863363137613865373632376337326430353766643431
38643363373961356539333935346262336661333134396163346662613063343761353234343434
30626631353566383833336364323830396363613231376430353563623136613064356431373463
61616236656337316561303665643230653033393930323566343363343231376663306664386337
62633236346539643866636634623130616334353465326666343463316262623264366662613434
37663734336362383836343338366337303065636232306362626661663465643261353063363662
39383964363832343664313430326635313866613238306265386232643139333166386432316539
63356232376137346636613635363039313830303238643734396534303639313139343432643538
63643638306138343664323862323230643937366437333464616539663766353961323064333365
64376235653332343663663137313431373434646665376366393936333931326364666534343437
36313339376635393135626665303538386336336338343362663736623561313634363237626137
39646566343138633862666664303632646533313661633962616639346331323662646463663230
63336165626232353535396263653134333033393738346566636336663862393132633634663361
61343562333764346264363164353864643465323666303765343836626266336436336639633666
66346162623961393665626233633064636463643762363237656333623832306632633936333965
36353536386233306232373432346133316536626630326366663937636336393835323335313639
61336663393632643839643439323264623464646163656461653637343666323631383964393266
39313733303063393463646663346239323834333132356437373462613633663031376634643534
35316232626665626336653431316434666637306235383130663866336661613334363765313465
34626432323935653237643131636633316631353938313533656630313562363932653839323963
30643232323833626463306238393836653235313561373163336135373061396136353162376164
39333738323234343431633036613133373436353866363039353435366161616234393732353035
33633032306165663932633462303539633963356664363034626631333265366530646636613663
37303963373665636338396462336634616131313637613836613034306432313539643930306339
63353731323264633664366432316237383937333565396132623737636535366237633066346531
36363064383335343032336535373636333561393137336637376436373763653533373337313730
63663063373231633034633664343333656231336561336264616133616166316530616662643737
33373561386632396138636165336165306239656663336433383532616239643562303431613632
62313631666534323366393265386433633939636533336531353862663232343338396463323134
32376130373134323031616239393364313962396363613832646637663935333464366338353338
62393865363261356430653637373832623733303032323033613664343830663362646438373763
62343239353534653161333731313930616465336561356366353465663735356634383130383633
33333339306532373134373234643532303733313733323439386665313835623264646537656261
63353565613962366237613965393565313735656330343839306433306539346365333361633764
34363164363461373631616131373363623062643932643364666338343565636238343966363663
39343766643334303637363661303164376266323031376637363937613936376661623261643065
64333139666237366566616663383334373535376336656438303238336163663832363632316332
63333762346366363733353066313861613162616533356434326366666632653837
