$ANSIBLE_VAULT;1.1;AES256
62343537633737356236323731383165373136383365306334383938613464323632383063336138
3330613033316639613762383661653963383164633134380a383166366137613632636435656232
61623839366434663635313133666237316235306265313238616639353261323538383430646331
3933616364626561360a303136303339336633663136386236616562643530626465383035633334
66333431643135373335653136323634653466333263656134363265303635313434373233333965
66366533633432333665303937386636626637666165333834356435323431343732363830616366
39333235376237316532613464393030313639376361396132396264306162353165393131376534
35343933343833623066393130386538663732623330323631303163303639636161343364346333
30616335393637386132653966343535333861393063616639316264386164373932393266376131
33306131396235643934336361633861663538323931386464623635393131323236623763363030
39373433313861383132313637363135363838666563306530643733373434326134313865616235
65303362636362326132306430616230346532376531353932336564613332323835343634303438
65663535623634663763663361303735383832643562376162613061646139346539363963356662
65663933616435333132623362636638316364663964336263346233393533636133636564373133
37663363396234376637303662636665376239643166366231633166643766323966623439343262
38323961663162666564636230366531663866353531653838633862396161373031316333623862
63333937636662396462666366323030613234336162653031613533646436373263643532363139
39663831653533363636346235323933633064363833333536353234373861623636373135386435
31306631623466333534306666336638616164393532626362306262666132383230613438663031
36666431623836613334373863663834666563623635333766333364666564333865386436313733
66326264393134636662323636626236636465323332373230373935353134336264396632366630
35623039646166323863616636653838313337636461336432353136616231326634643933383237
65393031623561656133653861323637343564316364346334353331636432393163643164373738
39373135346333396137363938616534626530313636383230616663373435333161626666303332
62323734373665663464343238666430653430386466396164653062626534383337386135353031
35323730663737323662303931323062373135366538373861376638383632303965313639376137
31386633643637333935303062313332333964326238643761303861643036386362343838343961
62656231343265326532613262656362393561626431383839313936313966643637363432373062
61396461366430303135393835636366393736313432346331373333633464376565623237363931
64653062353432666563643332376266626266626632633231393065616562653866313132613434
64383537323563366664663036636635666462343234653132376539376230383836633738613763
35633139356536353139613263653231353362333937383734653264653639393563353563356666
66336438653761316561663361323063643836613964613861636636666466616664323033323465
62626164623631613066636138393238353731396533363333343431663234373135366261376530
35353765346165643634636436623130396561666433383231316561396566383839333435323132
66653036623565636131356661653637653161346265326532393362303335646437623862313934
37386636346237303437323262363633306262653036633661323836396435663835633330353032
36333133336637393537333031623337633866383230636462663530316535373562646363666665
35306233656230316264646265356631363966343934393939646334306463336464323562386536
32303937356463656435346566396265636362336539333565373834636662383036623634333030
31653133393035616238363431333239313965393535636437636165393466626165653934363466
63363335373765333338393732616534396436313265313433383631373264306336643833663431
64653534626637313834616463383831383430383234326162613731613937303233376436616436
62383862313530323930303535653731346233373463323735353062333731353735623432653036
65396231663666366234303762323135643634313963316431303136323338343638353662376164
35343133323933383435366161656635326361633931353037646636343930393531613265356461
32643564323461303534373862376563653532303262363561346163333064656236333066313130
66373266306631633366393431326265646334343162396635396232633062633662363266316566
30353535303438663564623965373666656461343866383666303330616465316666356432616238
37386434343839616166383630373135306562393834343538386237646262303030623563623433
39336463313566303635383435666463366532323964333034353538303866393435373366353266
37323032356335663631626531656262653731636436343266386137313234643533386438613932
31356632356432353563336164633239626465396636303463373830343132663533336538376631
63313266336332646131633438336661623465323164663839336530376332356661613939353565
31323132376531333366383965376566346434313739396565613433653534306436363336363263
66663531343464366437636433616430346136303766663738636162303632653563333566626135
39343662313731343430663732643530623265323436393133666439303137353039643431316466
61343134336163323261333033303766303261333439636164393231346135646237643434323838
66323136336433666430323166633838663261383439626662393134613165383030323365393632
62313431343435336363386564396431373735663861636633326231363339396533393263646138
39376362643735633531653265333935343766623032366330373964643035653764613833613265
62323039323534616161656230333537666132326165363739373830333634663936626138386163
66666262636532653562333466393463316333303962326135323833656361643761613935336165
33343964306135616363306138646238343033653461323630323165346163663233333738363733
36343931646537626131323762323736636234306337393332313437643330323630613661326138
63356435366332336461353234323631313664613338623263616235623532366537323338326266
62373462653138383835363366623562376461396633393461303064386338333361656238383030
30393736356363336661383865353762326235326162626535623031333533343263313764303838
38626165336339313630363034623934666535613662636138396334626134316263313537646639
36656665643736373637306635316531383165303539326532303831396632616435336161343262
62363239663763356236393361616165376234326431646237353162643162313663663636363463
66376530373834393564313662646164303664366264613937623431656566353532333362646139
30663232663939623162336662366365666438363730396661386135386533623235636164636162
34396333366265343662393332626238353436613438653163663034393030636238626534346433
36306139656234643138623531623664643337633037613066656138313533343264643533373466
36366539656135343262356339613430623162306665653738643835653935363339323131393562
34636533623332396539303834383362363964346662313361656138626463376635613139663562
64646261363638663862346339323737656130396366643663306661633334396131393061316430
39636437646466393361643534643530616265633563393633313463353331383662313464303934
65353165633836316136363162303631663236633663303234353034616565653739343661386531
34313961343361393939323136306639373230326334306566363633353535633262326136663332
30313761623432633938343539343865613632643430393463386337313534306534313363333063
61616137393838613034323338313335663831353866373339636133313431323161663934626435
30333765623538333530626437663837323432303838313262613833343163383939653136373735
64303339386438386531333132316536343836313835356363303134346139663932363437363564
33353230363235623934393630656537393130646265343632316533313832346633346332353262
64613432356430646337643565616465313435633038373230373837663832653166376561613162
63613436326330663961663739663133383631376635386638353333326239646333376634663762
33366437633061333036663866623237313833323432363761643635333432323431
