$ANSIBLE_VAULT;1.1;AES256
36373461313036343936343732313336393033386162626630346530373730633666636462653339
3765663461643130316631373366323265383432636537390a633536346663386463633062616638
37383066653031626433383735303763333831333237343933643636653163636665323431343333
3138316538353831300a613632376639316232373230353831353035623834366539663563393561
34646463656235633733343435656337383833373465386635663963396162373434396239303632
34353239623439333835316131356239326663313738383038396566326130613561616434373037
37623366656337323263323064636361313864353938396633306162306563383662303961623536
66356239313766333738353865386666353763633164383231343336333639343565643433633564
62393434646362323134336566386165353563636535376261353230326538353235633232643666
66666264323363643134356563636535393566303830306431343134366339356235626461396663
65623431623238313333616231396131323832616266333535633561373565626537656363383530
62303235383133386533623265646139336561323036613234623161376535656638343761303764
31356137396334366336666536326136623936643235633432656531663663616134643031393466
63303765393437613635666534613763396132326566323834663434656466346535313032653961
65393733363463613739343437323963343438613564626463316131623638333464323539666261
31363736373231653234613064386630343537383038393464366661643961343866306461666537
64346439666534656531633132666539623634303330623238313330633865633865316433376463
33333137343665363838323835353331376364623430383436623734656634303931616432653261
35343165613330663431623636646666643539636239656236353837323162353436373661383035
36343036613162386535336637623762313663636663393162663266366432346632313530343537
35343433623763633732623863323335653265656332336337313731363830323032633632653237
35373966666664633230316637343564383261653337323534333438376134363833396632366435
35613535366266306237306461363566313464616266653437373138363434656231653264636333
39336335306635643366623066666363323133303930333261343735363032366133616230313831
37646434313338613034363533393865316536356236666635336265313764326365643266363539
65636531343961616432376634666466666236303161343238633132383464663537373232383035
61633961663562643264326463616631343365366665343162643463373636306139656437346434
34626564623165373330363031306466373362333337393738313665303836636363663066333736
66373038313937383232356666666338393965333632303935356639633433306463396366303532
36396430616639393162666534626137653531313965666261623233666631313566343066623236
34656633613466623636626163336463333761613766356162643463643335613833343730303033
62613262656466353139656663333833336335376136303466343861373833666335613065653263
32663965383935353238336331623732386564616265633839326236353565386533363766303936
62656562313663396230623964623165616437393862633765616331353633643131336634316463
31383666323434393562636232333561383033306636626664646535633436346236613137633235
31346330383333326463613936333263386265353232353235613362383738656464633165306632
35306532626134396637386563366437393032393737636130336337316534363136663435316265
30373732663334646566396135643037323030393664316439383631653130626261373437383130
32343635616633373933313539653135373061623234363937333262393835323933626433353039
37346561343633363536383332336661323435336361653337313535363536636332623236363032
35393264363664636561313137303335313463653665323939663339333032346163633730383332
66353132643762643466336332353332643130633236353231303836366566353836383537366439
61323834366335343962313831636339383038633731356632353963366339636636383165626262
36343863383232343533633532613031333632366536306631643765653466633639626335393761
33353038326231646237376635613130646136333337623530333839366536323232663366396166
32383562363536373165353731633232343537346364613638376262323661393130346463353231
62333261383566323664663563383435333138656335393635323034376633303535303664336631
32646131393136316665363362323539316365616336326137313163313566376565356565303663
62633266326231343263383061313863646434373830393364363662646430653137623063616235
30343634353339343936313063343166313163353936323462373431306363313537616630386666
63343739626638333235323762323663623365363538386237316132316135303233663866613263
30353834643234313964633735336366373333653234663237636263633332623537623662623063
63623264353162643438633162656333623237643265343036663238396636643064623661633464
35626265646335316633366636316664653132383065633866623739653433383363643635346430
63386530646465303731653961633739316534613435353166626564626636643636623338613234
62626261613461633466353835363161613036383835393536346162393137343538633639396665
35363863636235663031386233333938306235656634613136643436353034343532386130326632
63383133316637396130383537346565623336383831393934643436653063376334333730663535
63643164313763333465623730663966653065336130623730373563386433376335623439616164
62646435353735323964396664663639356564626665666234383465633432323739336534643033
34393763313865623231376633336363616230343533386165656363326533633463396533353465
64626238326661663633633563363930346565373631343736623361353433663932633031633961
38356135373432646566303864636461383061353062323161366232306239343330333763626434
32623732396361386137333630356136313132353665363364366131313435353166616434393662
65333936393866356636366261326631346239306166666564346366383134316436636666343266
64323261386539353963653535363930303330396233633064613138623662653565653037353765
33363563626633653864646435636236623134653833366431346538356161636637653162343733
63303837346431666332623437326637623830363236306139356163643263653162643466633862
32366166636135323466343666353933363435646566323233653634376464323063353935653938
31303036373332666664636261366637373866653062396338373032383738633938313732313662
38623034333864323962306664323232363862343535313933333835663833316565373334396162
39343034663737653261643837353939336135383332623339656134333232343833343030396339
30646161636365643735326431666338306236616433383066343437633233326131323963623536
65383334363431336366343439353866646566373263323965386361646536386133626536653534
35663163663137653662393362346635393262646132333464613539346164356664656265313865
33313336626530383966343066613337353462306233636631376362373535373364313831326633
33663230323037393066373731353366626137353630366439633165303932656336666335373433
66653334353832653561346564666437373330666536646233633665646233383165613538346365
66346666393833373533646436383462396335663863616565633336616566653639386464306666
62646331356662613766616334643765386464616433323836653132353431646332336334356363
38353432363966333732323464623930613664643164653465396337653164336135623861626262
34356134653937376534316639393439336365386238643264343366396465303061663964656536
34326434366232313538396561653331323739376361616464393165613465366662323961336161
63636465646330663431626133376631383965626231656533623730316163336332643066333066
35626363333862343638633365333462393137303165343965646638643865653562656433383334
39633639363632373338373037643539646130383536383464303736396334663839306438383530
32623861313861323166303361313535343038363161623935346233303334363438653565383363
65393433353734626565356339336432623836323664623834633264343630646237613337353235
36316238393538393733396131656564656133323831366432386466343338386239
