$ANSIBLE_VAULT;1.1;AES256
31396161663030373365663730663831323230623835343139333064646639623933653730303265
6337343263643363623963633830643434346362376463370a336435306130626238656339353336
64663263343536316161653239313431646435376565323436653132623437656662653464346365
6234623132653532390a643930643938323833393662376562393362383430623030346666643563
62393530336135666266333030343764316131373063323539333630376634336232663365663266
39643235373865323236376432393133633539363864313839633837666264366463643664633137
39623735343933643766333630386338353230313032313638363262636562623864646233326638
65323566313632623634316238663461643936643161633466316364343136313931363363643636
37306564373930623165623037346238356432383233366132363166383262346138363937326462
62363630313963373461336535323634636638616336653563666135326363303830396238323131
37616134306561643631366130646139386332373539346332656631316361663432343065656261
66646235343762343433303838316134386533326263653166626165346165313933616132323666
63393663643934373435393865323535393539663465653463353439313735613664326333356538
30323934383534373737353466663561373739663932663336663730623034326439383138643832
61643936373336633932326561313365363834303536653536666663303663373463636666306465
30653538623331626638623337643538396334303764646531376632613462383866386634386635
62376365663636623832363535613234376262663233636639383962383533616331396139306532
63653837366664613663623730663363373266653234353063383935383633616661343464353963
64643531313032626639313133313733373364663363383462346135333632643564653836323633
36613133613239613331396638646164306361333134353739633035373736373037363262303062
36623266346165363732616437653866306333646235373431626662613636626237343964373539
64313961303362623533623366316133373261383333323837323765663035386639373365386235
64323465656330623037363261323235653239313735306536353638616562373064386663383561
36653463613463643138353436363939653561323637653465333436333364343561663833663335
32616433616632643737663063616534306635646335396532346362636665663066376335623430
61633435663838626638336338356461303832646333366162356564316561386634323361656636
39386266343663663334376138626638333763333561656331393738323332303564383832323337
66623361346630333466356334386661393135653832663639393231613366316164646330383161
37656130643431663634373061333539613565316138326263336332626338633839363161333562
31346236666664303564636335666637623130643530623438633133383737393166373664333530
63333636616138646465363661663134313263343762646235353461653739373662626235666336
35323835636365616638663432343566343838383139336131633338366363363762363435623533
30303266373265663565306634663935633034396139346234633864653631623065353734313138
33376333386435393864353031366363373838346537646133613361373862343534636131623237
39386365393262663631346636656465633232626231363133663538353166343339623531616461
31303164346339366366373365663635663433313561326366663335343838343933646232356564
32646335306633613533613533303638346537306464373562373238363662316365653261326563
35643133336532386630353634643236343665313539333737306464633939306632633764346662
31643731373863303165353562653463666337663762333665306533326538623237323330653537
62313533343763303935396362323839336163653731643137643563326237343638623661326536
39623234336130626665616536636137643163303964663166306462303164663663393937663464
38613639633565383062623365386537353262646638626433333233663861323435383934666230
65666336376136356364353666346431653830393937646537613765353364363938373235366163
36333035343961313432363231613964343661386365363666333335393139326637366337373937
32343538313637633566316362326535376366386662336433613434336566316431663639663732
63333836666435383538643261636139346362303236333331333632353666613935613030393562
63316662666435393539613338643439373930326334306635643264313936303364303837336535
62333935356638306431396234613435326434646630366561616362326430353335653136643637
64383762333132666531323633653230613337383036386638366532333561613933613061633430
36666637666165633736633236646230326633656633623839343462623731663432633330393731
31396636323532613065636233336535393566646533633234633738346633623738343061373732
66346131666231616165313163643931653263636134363837633766313664343666316536393738
31363430633831626631326433393333616238616166333337356264356239386432636564326138
62653732313961346233623562333132343937386332383061636164623532326664326438396662
30343165336566396537316137376439636539633039393334323665333432313532356564343434
38356164356136663337653666366333336439316238306438633131326639643764666235656566
66323965333032633839646262356262613039663331363733326535633733323338343963323534
65376261393736323932613265303335386132633132396636633334393734303330393762663834
32646363383333646438363532353964383638393061666264366537623735353837663633393063
30623634303037313664316562613637656237323261326461306336336532616533383663353830
36313264633565616265333537346230646231356133346239333339616262353436616362303230
64396433373036666131393131653064393664393162636663353737316435643737343264393636
65363961646662616364386235653536356461386563643439316234623237383564643934303064
66393835356266313132626538623937633437613037373064373330376464356364663563333833
38353665313932656436346463666439373763643032633831626636363334363339353136636161
34663838333864653861323834623634326265643930333565383263323139663863336161393735
33303865303132386666373238393432623862656234333664616631303265633861313432653730
38663565373337356664373436396138643439653365313935303433636531653561666535346539
35316264313166643037353033613435336238363664623761323335616165323163306437303662
36643236383262616466663333666164323430623935643834613764326538346138336261386132
38626365366562383266333564323734643364396134626533633062363961303335393936326632
31343163653863326439663433373034663230363534643036616335346565356236393437623130
36313031383865326161623533666162373233386662303330366336376438353038663466633838
33663762316537303861373762393966383964313733653234336264313838663763383961613735
65366633633434666132383435383033343439396262643234393139343935633138333831653133
35336162303833373535366363363263373337346133343233383038656338313336316465356137
66653666363639363830383738306333636364356336623262633338373762653662383830646366
66623466373430646364336531303539313063353935396236396239303936306533333763626666
31663732626230393430613232306365636262663561383866613034653731333533383632373263
66333030303432666162353135333439373038646139346165383939366335336634373766376133
32363363383033393238373661333262346265653732363062333137323137663832363639386262
39613936343932316133643939323732336432366662376564366139663762386130613735346131
33613564323332643033643631666662633839353532326432306336653436623433373131316431
62623530663566343931626264663664306437663633313063313463363632343137663465356230
64653239353037636338333064363032383032363033623233303730333934373939613665326330
63633136666661366361353236373038626533353932396336626438633362666661633238653463
32623538383237316137623461613564636637656565336433336333313438376436636430333466
33636430626562326535346639393264646636353364623961663437616538356337346132613764
65626231626365623736663338616361313432336161333661616233636265646135
