$ANSIBLE_VAULT;1.1;AES256
32313734636363356439363739613233636138663335386235336465656465666136343730386164
6162353334313431353861376264376137633361656563360a343338666237633065626661656536
39396238313331663234306634393663653439643830616631656339666364306162336531333133
6333363830626130380a643635386661313730313631376435386138646338663163616562663732
63346336643537333838646661343961326331353762663762326336653138363339636661636637
63306533326230373730386637373962333836636538653830323464633839343238353639653137
37353935346432653439623931323666653532666434393936613939363638323231336564373263
31363833346361643561363838613434306164313832323561626537336237303539316139633430
63613363626436393930366539363637663030306164376239633664363866373933313164656631
62323033356538393938313062393564643961623634326563383332303833663530386535636334
64613465353139313536326136336539313036393530386330613635343430643565313064303735
65366561366535666235356532396161353338326564646538303039663937653265623839303634
36333265373435643036633339643061636163646535303537323532303230643063313062643962
66643861313638633938366562343266323961653764326234313632326337356361653766643061
35346134353539313735663632343063363737623139303930323034356336303035663732333865
63353538343161646632616561623736313236326538653133613565663932336535653832326137
31356665373131346165306332396661643734313765613937626236663638356433633165616631
37626438336164333134646136303633313836363964663162636539666236333238346237623539
31633435626161653532346663666333323266613938653339623764633463376463343864393332
65663362303038376131323332666162303164353235373835646330633437666561346639623135
38333262626637613839663639393466633638616234353937363839356432343862393737383332
64653139323763656230376165326332316439333465623038643639386238666639356363626132
33646536623036666238303665323735393037306636316337313238306238343632643466626436
33623662343134623233363933363234623564653536306535633134366637356662653034333336
35376364336161653566643532353637383361613233343362363063663161393437626637353761
36666532333836313438646534663936643535383961323766353164336533303735656534663064
34333934323661373334346630663565623135396265643364393634316638393161336264646233
31386665636666626661323938353765643730666333393638343061356535386537383766333135
35333566383539336430663231616633313937306639353162636230326535653939663930373538
66323265396662656332363039343837373139633865386663306331633161633264373130623563
30636466353133343138346631353166343837353432363663666531623263663237343164653665
34366663346665653266326634336130373636623764613737363464363037376436316239396434
66646565613438316238316161303236353431356265326666333364326666316266366535383635
32313436623032633036346237666561643539373835343566633566653839616264376466376564
35656331616333636235663465326638663662336335666233636561336630666232346166396562
39646561316466636163353033666331643833666437366331346330616334313336353539613566
62373065323766363233323963653034363130323962383932303232313763373362336163363634
33373162636639663534393436633935656433656431656331646365346530616232313664386431
30396638653936393134633335333539633265393337306439646163346334383135666662643464
38363034306564323666313033326139303534376631396233383538656137613834326438343733
35663639363163643131383866336566623136623136366132396233656565333035373361373938
63386539363735616565303064633461323237356331336132383930633134383137333539393634
65346433333233393133363735366334376330353962653537623132636363343465393365623330
31326233326137646331383161393639653437623564393238646363386338636234666530643434
38643637643963333030633164336666366463646631383836663530333762656533616338613333
36356466623736336565303964396165626663346230623565396133626463323533306639623962
63613930313464383036306139303231363364633562343937383766386535643230613936653562
65633836623239343863333631343962633733323764616136313738636162386232626561323137
32653938626239313137656333343834353466343262383133386664313938623839353636346235
37323335363263663164666134313634623334393733383262396136323132643062616562663738
31383538366462636434396335396362656563386161333632303966323932626362616335303535
65343830386361333133656364363734653833663235646232613062396632396364613965306265
30303364396531313866333437316430333530613031646439636236633561623263373866386535
39336434643330356264323661613365343332626261333632303765323365613861343632333830
66303037343534313765626535383933343333333130353735313036386335373837613638663737
34386166383637653062663439646562636439303134666461336634643033663537303037623035
65643562666633613634663731653735616635393635363761633936323562313265666538353961
36633232656533356530343231346462623330663665323166653639613837656665303635616563
35313032326135386365616434663066373364666165666366663933623464363133316665373032
36613036636265313763646162386633633839643537653938626538363532623339316439333333
63653964383338363034323030643237663537323634326636326434316530373639366639323037
66383763613636333065656264343664303666366139643938613435656561346331323262373132
36613264633963336261393230633634313164363161326564346362663663353965643563396239
37373461613731653864333133396461613762333063343339613162653730343038393334636639
32633562313039376536323039373831636237343130396639623832306166373032626364393438
37343866376464623738386233386132386330393239393163333134393339636365373932363831
37333065303538356465303863333533346435663363616564383062336665336663643334616463
65343234653961323166613266303065653738383364643862373636623239333033663933396463
66303637316366616639363861336365393639343638633737346562333639376237323333636361
62383261653565313830656562626139393963656665626334636262616239613962303832363766
30393563303039393866316232623139656338326162396534333464363833343132346362623137
31383736343466323739303536656332303939313839633139316666336333383965663738613939
61313563376632623831653234323266396630316639336661383763386163336435323062323361
62303466656136613433376366343465326335343332633138626136323931396562356235313433
36316561393631353065393130343237346331663261383236313864343636623931616266333665
65303266336362336466346537386562326139663163386634663035643331376139343266623863
37323633376434616338383534633235323337386265623730636137653731653536643536663235
35333833333536653862336361316235633730646231323466636664623833666362653463333231
30623132383561373939363936373133363137623866383561346235313366653636666332316138
36616235383638343834373336313864303735363334616439653436383861393465313165623739
37663264313934613433653830363437666566326331313962666436373533643834373233326533
64646266373965303639326632366135376463343266323065356564323863346261373461363731
62346431633736383063366430643864633234653966656435633836393664376564313366633763
61623362633431376531396437303739333731653863636537363937353762636230366565663464
31646331396533383966343662366639343538633738386434653266656331376434396561633632
63643837343062373034313266376539623864653263346639363931663862346339343834356135
34326261626539653866623536636466623562303637323237323535383361316562636234626331
61396632616237306435346232633839623233393266393062346431383462393937366339393764
36383866353265363530623666336561336131616433303966646366353038336430
