$ANSIBLE_VAULT;1.1;AES256
35356631333331623163616534646132373032326339613236393564376663633334326264346335
3438333132386637663865393834613039386663616262330a646431323666653535333663336230
38323134316637333962313862353266623735653033343939373439323730373961393365393662
3133316132323161350a643530623564323937613631326631316664363535633935663563316166
63336161653431366638633133346639373334316237623662613836343435376232623439663633
37353163643832623061363230656431666435653438326165313763363033613831613633623865
62353464373536356136666265383837333734636630393234366235643335393835613762383863
32613236346532303438613638653336333531363334643631373531353364646535303833356533
37323262343736396665313135326365353264653936353530356136653037356236636639363832
61356239376336333662653632656661623038373863333836323936353763353139656331353336
62323439386537663833333264393231616234636664656532636638386330336130376233313931
35643332366535373232613136306363626634646166303261336233346337386263666531386166
36636564643936313038666336666232366562643263383562356662633665613139653039353736
62333963383130636366363665333863663737643136623535643034316336363637643262663233
65353664363739643030333039303539363062663062623465303630303962626135653131376134
66313335356434383264653634343565383338633132363533633161336239633732373363653765
35323562653839366633393561636531343833373734613565616434323730663738363761616433
64313162643066356636366630666438613861326433336530343164653364373830663531336361
31643163383964323536313863393137623763643638376130653161363937386333616337316561
62333434376265616363393237353437666633623930656437306531343937383465363238306235
63636263393766376632333535633265363866323437386135343731396437343831363738353736
34393936336161666436323662353435623835353334633166373561626266373864386138393962
31616239613139613035366234366133663364636666333464653837663338656234343930643462
37373332323634383636363635336566393266666332653139666537383131313532646631613533
65333434373136323461326663353330333662306232646538356466356364323565336361323165
30393031363139383338633733393362643736396538613032613233333430313062636163366333
39646137396365333161363363303539373663363562353335653635653235633638656265663033
65383030393430353066353039376139303836383265393737633061633461656437616333636264
64366335343462633330376664633463656161326435356439323139353133363930663532653036
36623066323130616637376232643831646463336137666163323134353537643833383031656266
30333666663965363563343737626239333630326232623337363838316366376239613732343232
63346561306237623033333339623663323765666430343535316634343166646466366236313832
39376133616531613537653739343738363034633331336432396137336231616436646530653534
61376534613139633132383064323135653335346539656266313931363432616338386162633733
66636532393836346536626539343835366462666261646366336534363035363861366633663161
65646130623361313431393866366366393531396662393462626361306637393832623934626537
30613462343262636437366131613639623266333835323064343263353439643532363539636138
32646561376135313534653632336330326436623366383064623366623364663537333962656233
35356166306437643338653431396264376132663731336232616561333330633462353232333561
37313938633330333438326338616563643838326530383635393537646135386632353866376539
36393335646431303635396335363039643730626166333035396236386637623438653766353264
37373432613236663163343863323066616662393539313261656634663031373633626139636662
66663337613365343838393533626339643039356337326264396537623766306165396365663338
61303738383635373839363761373831636537366133376262613266333964386664623031353633
35383631663539323364626232353335343263366539636364316161663639663837633665626535
36633466666632633730613364306632373163633561396365363731306438656537663764623735
63653936373135313633373638333030343533373463346461323039363063333563623263663765
61643832306538653764393462393735303033613638373733343665313838363266363933373431
35303535613736373834373835653664366164316632356630303765326166663633653464353064
38303763656364383865313461353165346436333639343032636264366138396665363232363931
38363838336566373131666263616236646138343963663731353239343430646630333362386263
66643261313038616635633333343033653362373933346162396634646165306133663635373261
61363964356135313038646233643566306638376432386438613162626138333539356439313965
64356639373838386335656365396638343132616335373463353131303630393139393463336561
65666235666530346139313138393364623135383132656432356533393939363531633830353263
65363066363564663064396632336439653963353534363561633363303034373564623865316131
65343232653039613039636166663232363637353365386538383062353663613666356339373238
31626235613334383366313835333666323737646465326532316537316162663562393464623166
61393939633933313731643132363636643834366437323133316335663265623933653339376536
64663061383637396364393965633032363564633565373834316566653665316563643037396637
66633333393962396338363031383436313763633839636334333264656337396262663733663563
63376633636431613031346538363937623636396364313431656362363836396539383431336338
37393062333536353231663931373531656663626164363538373632376666366464393433626334
65376139323131323437313437313639323365363265613033313035353633663038316366366665
38613937356261623638613831346335313832333065376532366136323433633130626565353731
61666139636334663763366538393236346133386465336365643965373035613661373938303438
65313632623539346234353039623538303266343530366566656233343537366364663733633964
61633464303330643430663665626562363634306430343761623637663661373565323837653833
33306332373564383237346163323539353562356363303330326165616662383162326332343761
38663731356537313136313464386535653165343666333434613861366165653437613937356333
62306634626133646166656664363139646463326561663430326338336339633161613564356433
37366238663233656638643433643661633030383035373265363165373766373030346165623438
35393035373765663338323436396265363263353162656530373237336435393362343630323435
38613537396334383465303731663336313232333131373533393937663263663631363336636137
66643239663336333464623466393063643639333736306236616135353732633430616639343134
35343635393237326439616336326563643737333865663039356338393562663335353636643931
36356538343739616531313335363636666162313664636664393162396463376361656565393861
30393364346439393136336161663233633635303234346662643439366264336537656566363762
62396262346564616161643335356330333664356331336465383031303839393535633561636334
30373931636563366361353639666439353731366162356330386264333533646334363531306134
62386232383837383361303865373232363131333566306535346635343364643666373836303436
36643533353033666663353038383930366533386131653864343033336137323964623462376164
36336265636135663434393036333965306539623932613563646465396362336630353566646339
39306433323132643630303336313561663338333462313062396535376462626438343635666630
64653434323264303365353464363233373166336530373764393234373633366135353761393632
63633736636262633562636431353864373761653464646539653339353061306534626565633235
38346639613532633135393233643430303535393765663164623035643962386235646534313835
34343564303262393237383061666537633635333263343061376466396265643737303038633938
39333836303064326462363130616231323336313235346362396265663135313362
