$ANSIBLE_VAULT;1.1;AES256
66306132316431646361343531303535393337323034356130663362633339383332376263633861
3864386337633430666632643931363466363461653834380a393035383534653539373332656339
66323061626563343262646137656230623030633732663563356635376265663165613930373635
6432396462336233660a306464653332666563316136653032356636303261656132666464323238
63393436663237303332326434386230623961353763366238333363316534666138626633366135
65363231303836313765623465613536323337336165623738343263306233363762646134363963
64633637303735633363326363323334653736383638613234663534633136623432663631333738
63306566663036663431326535333335323565303661626266373931653233336437373735623130
39303230643432343939346564373261653166363534666333306165653437643238386162613463
65653530653361356633386431333335383563643735333062653234343366316136613335643938
31343934363037336336366237666238633330386362646538393963373863383831633433393462
32353730646461316663316531363139363265316338356163313238393836663436383935346266
32316430336637666431323538396539303139666238663638333165323865366632306236636233
37316466333238373538623332393061393637346132636162373330623264336234383533366336
32613564303361626465386566303461316531363136393364653739383566343638343961643666
30363464653334636536373331313935343863643437636661623766666165373631633030346231
37383562313035353931623835323238343461353236333162643063376531623732663061393566
64386262393831383265326231396636613831386530343738623330373435306663396338633136
37656266323464383261343636303530353838313363616664373530636432386537303134343035
38326266663665633431643432666137663531663034346539663239626130666330383039303839
62623934316437313466396538363564333939343966616462346562323335626561316666343832
39346330613061623838373238363935626538363166616436383538373333643334323762616464
32336231623433336665363836333137613038353637353066393462336232353539316435373433
33396366376162643837373536653834333936646337333565366463303162356661313537366562
63356166356465366139613266626264393163643765373430633866623839303862323634393439
35353435366131356666333361386561656635623036626463326439616434386536313764633162
38393064343231323864326264653664306365383662383665643530356265333239373866316631
65323865636236346233646363633036323461323962636464343533646137613636663437323535
35366566303733366133613435663861356237623636393135663266346465343363353335643836
33663134653066646436376631656430333132356233306464373930666130366630333331333861
64386263656564663365363561323832386663303238646631383836326337313663356364346330
63386431356163313262396131666632336133353863663262396361633239323737666165376163
39306337623734316261353432336465623836313735623162313437343237313331353733383030
37306666333164366463393836333232316563306163363632356436316432396632616536376333
31353936363762353330623461653630653431346466313165306239346139643235656464643334
63306536643932373563383831376437626364613964316333373062653761663762376566623732
33376262363738616132613230366532616132356134343933643865333830636234386362656164
64356330343530363165616466373535626639303564303461336461356334356433663035396263
31663637386332666635383237633739353837343134653461613264333838343835656238376334
32306332633837623039343063323635613932343839303638613165666432653039353534356666
31356234313533393038373264373163303165336238386131323731376139666464663632363363
31393631353666393738353036653939643161636130383434613935393434366462353964396361
32623435316237663063313232336662346437326563343861393136316562363438356638646638
34633134333138663938306265323733366364383132666264616133633038333662393530336538
66393334383366663433643433613337653564386631343331323530306336613733313232383431
33373866303432303130333064653763666334376265326635363762343065633535623964333462
37633239356335373464313037386535303837363665306432393130623634376237366163646263
30613532626532326262373636373861316162323537646439303464303765343237343833393239
64656136336139383561613338383563613461653966356230316433306561393765383139306163
61333438326235663562636536353261346430356639323939376530386233386430363964323635
39393862373339303031313835303764656461633961646561616230366366313439383462373436
30653138326563306162316335303530663464363566373231623863333231343538666463646430
37313461623936373639633231396632383864326462316638386337303239623938306437656239
62623036326235333635633931396634393733303534633430356331633332633366356265363134
66633738373531333533623064353631643066613730623939646663383134303463316537336239
65623364326636386362313865363830373838323432333434356361636534636264396461393332
36613639313664363836653464343235633735366236653366386265363262333134383931346338
39653535333165363133663035656236383261663939663634313834653964326530356665376562
61316566643134376139323664313637303831373630633436653137356432363664386630353664
36356332343034396165356663613635363764663435383138383034313966386431643930356234
32393730313930383139303466666430306132653364363736343764666530613539303733303137
34623437613564363965333730623963633466393333396235643062346665383962616433643734
61316632326631613163333537656665396439663461313761623964313838313365323261626437
31303932383066663934626134613135346139346663663830396234626666323564323539336466
31616333303638616233633531653864366563366439323039663762313963333535643439663165
63396262643635623332643536653933626462326165353831643862343231313464366465333538
35366335356166613739333561326430656165366465393530666637616637623461633539326436
32633562373538353935626432393361626339643661386161643734313339313561633739633264
66326465633565303233386664666261636335306261313530353033646164366134633037316635
36366363346235663430613631643464663632356361353939373537316531343438643236366262
36383038356361303138323738383263356539303336356533386633373736623333613734363238
31323134323532373239653739636433303339363031623538336337656236323965643332336364
32343337343065653237656336306166393436393435646536383134663231663934396261623734
38663931383530633435396636303362306632383131363962336662363031386431646165333261
66336635623432326135616235356331323361323437656262306437613534306332663133663465
65633462653936356339326135306665316464343836613065366231366133373735316636353961
33343561346134623230666535623839613338383433626261353262653833643563316637356530
61376266656130633637353962323461333162636264306637656331336366613762323166336261
66643862613465373264326230636537663630316666383162656561636336313531363931383965
62663435316362666331626334396165633432306535643834646564323438363536353166306434
66616539393036303163323534623466366564663036626362356639383433306434346264373336
61666633653461653763643739373237636663323432653263396331643531316231653261623161
66363362323038663935346132323665376238316433303761393533396561666162353465636534
38633266336531643437333838366539326133306461353032343134623066653439653134633631
33376533333266383063333466343364363761393632666435616330643863663439303237353363
65656433326264663263343238643761613462653435636335306539343464313366613932653864
36616338656130316434643265383231623333323235663635363762363338343630336137663537
66366365663735383335353031626634383034633735383338316462303236636439373532316164
30346231313738643061376536326537333838303139363761303139343835666638
