$ANSIBLE_VAULT;1.1;AES256
65303363363137383136393831653965386433336661306139643264366239653939346163666532
3532343961633433363364373863336539363664616132380a353363636632363039366163643531
39646537383736626263623438393064386436393039316135343235386634366364663561306139
6437303739303538610a346439636438666639646638623561326532626638363235333264626261
37373963626637363434363130653438323661646662663166663066666339613538306338616465
37663361613565613465663538626633343165366330633039353736663937363130343765336162
39343035343961353462393565336133313362656461326364653065353337653937333438303839
37663837643363623963313261313734653035666335353538633633316661653136636331353936
64633237373161353932396538303131336465346530666565363935353536666538333763626534
63616331626233663132326137646337313934643436386662626633356130396264353131386330
30353135333437373936343463373965613565383039313164643330373766323265643963653232
63383964326236373632383735643733336339653063646330366634313936633566653730326562
62663737646133653631626534313838386339633132343062323133346366636266303930656335
36373663303165613362613663633731336162343562366462376237393133656231353064613362
37383563333736396235373230313163356138313031623963326234316265353639386465643761
64313033646533306364363236306166633934666530306466383630336563373635383533366236
61656664346435313534633066383535363036386532396565363333313431636132663134366133
66623337653231663065633961336162386162336265343231613635353263313766343862663033
33656261643831613135396638663636656538336361346237616537396361663161383034363065
30396638613637386639396261656162383634313337663065356463326530633665353066313931
65313264343163666436346362306332383437623864386335383964623336613664633830343063
61386332656538386239623338393031613438316133373935346166353734643734356162323735
33303935313831363361343831616539663833306435343036656335386665386133366361366230
30353665353437653962646235656237303862303963376638386261383730613431626435333330
66613262396132656335343734393363346363613639313166313361643761343232613334346631
35633861313837376265666464376563393661373737633964363639656239626364363331613332
37343932333330376636313936663164313032323932396664623531313362306431366439393462
37313133613764363633346337323934303637656462363631613533366434643338633766383039
61386161313663656636636464646538343138383333633464346235636562373737643166316431
61663037636639303737303432363963346465663936626437326530643334656536363932323763
66653132376136363865343763373933363533636433326230393965383734373733636536373531
66663031336337626537633161656632373636303433373265326630346133656436656634646663
61303961616162303065636632373566663933656332373861633666313835623537616337343164
62343566313036346138303966356332653230363463623532373436313564316137353463383761
32323132336464313937343733376164653538396435376430336439663831626637663263636362
35336339613333333832643938643662383236623961313161393465386536396630646232303231
37373462633866623666326636666637643263336534386439623336646363653338646533623439
65633235646331633832623339336364393339303634393937653534623235386661316265633731
65346566663264303734333831653732306139313132306636326430653038353664396263643832
39323533323365363135623032306431396363393739356230376438376662343934303336393231
62623661616338666561386161343865353031643031653765346134396163633139393663343564
65376432663539386433376335353631646263313033636431343334376161633562663937373663
30626531663266626437386433613332643332333733363338356565346163646461363965623631
37663366326535313930333839313631396137386134366132356662396564653232626336333933
33313734616365643066363863353339346435623461643962396333666162343361613863353930
31656238326634623964373239376537316330336533663863643836393561346435653230616333
33356637383961326361333361653734643135636334626363346538636633613935333464636462
31303637663635366235643534383364626532386134336338663064336235313764656162373261
62376664663665393161616436396134653634623762303263396361343066363536303038333866
34323630346361356139383666363433666337303763366436303133616239313636393833393239
39386637363531633730616661613561383332366263666639316461366332356165383332626636
33303736633962663937626235306561636433613538616537326561383261303635343439393930
62396163646634373362666132666136343737613831613261313062323562633238353534323365
30343435353939333261326233323661633430313862366466666164363032643631656364386662
63653862623036363133316461346263626432376663653230333538646565613338383938336534
35363137323131353732646539333733303662383562623732646464393866656434643932613531
32363963626135663738373566656665363133313466303566666164636665343534393833306561
30643932643563333061386262346433623136343039366164633534326661393634303231313330
38386237343739303934663966383336613962343530333265376666396534666136656537356662
33396535353030376430323537333830316564643061333633663731336362636134626435373830
61383665376633323861346339323065663364343730316434333339663031653330653963373664
38313866323834646533626662396332373666316136643030363232653831393363346166333130
31386230363563323537343262643666626266316639613265626230373461656636653931353265
31373438303835393637653362323861306365626662623034396366326536633933383766393365
38616330356464323632303338613265623065363165663339336239623438333866383161666466
36383066613461626437613030346435656535383065613130396436346332373466333438303439
31306432346137663562356135323239333434623230343636613938396135383936333638646639
63633336333365353732633361393636323638656262663934613735353735666665653261366535
37666237313039656631633562663965373664666333323231313136346138643761383738386464
63336335336431636634663030303932303362326535616536663532666234646435646664383530
39313332386234363962646230313366396564306263313766333963323931663063336531623861
64316137633366306464353634656639356335353038613461303765633133626236636264616433
38613334373232336263346136613633346464396535666330393962636139303834383762326336
66626361323039396664353261666362333766353763393431366461386264366132633839666463
61346166623132656561303862376438343261363661343831613530323335353064373764383461
61653331663937356337306563386261316635653737353130616563316464373337386335353230
36313338326664646630373935666132353337386635626332653433316539633533303466643032
63353361643032393938666265326131303439333465376135376637613339363335653038663538
31383431623935313432343837633234366232306265636639626261666366333564633164323365
34633030303732626431356133323665666330373733643836653333323732316432353934343533
36383662633134623531626363316266386230306563383262303430613962366263646130333730
65386232663439346562663961363833613863363665323732313863663437643931616432663465
35373638656164663932366134626161303566396565623731353535343361323166616534353162
35616236343666303362343734613833396531643838346530616639656438366535366363383337
33323339633464353465366433376536333537333434383636653134316165323730613835326362
33646464353664643235393730653766646235343162373834326464643630313836643439633430
62613630363762646465326666653539363130656463333066646630616536303231396662343332
64366430623763616433653534323932363262323837616230383937393332346139636334653637
62366261363030303738643035663335313033663030656364393263653033353962
