$ANSIBLE_VAULT;1.1;AES256
32383335343664636364653035373931326630626433626533656137653233346237623838396134
3739323835316132303732363639366264356634633561620a393061613532353035363664643637
34373937366235393932373365343530656630306131633364363939663034376532663562613362
3165366165656533310a363935356230366665313164356537613234336336656534313931623637
32353638623535633933396234626363336130353337316365326230346533323730636633636333
39636562613535653962386233373464386263343630646366616664326461663738383964323637
62633563626165333966303065666265383330313761363839653436613963363538323731373564
32613665343431663735343534366333616137346130623131663635613033313132613134626562
63343031623230376265633630346434376165323130363438343231356230643537343935366338
66313335386466336339303262663363666163306133656434646364326130356364623338646534
64643465643564303836623166633064326339653933616535326335616638313662656263386537
63373962663332343164363233623538393065353538396438386633613539343135613137393739
35373632646566616632653162636435376533656430383462663531653138353631333766383865
65313761313764396330623666303661613166336132333338333337613533646161303161366561
38323030633562353031666262326330376637323539316530306332396463393861343632376539
61633636663666313461323064333536393765666638396135363364643961663937643762626231
64363533643431383937393234323332386561363435353931663363616238363036623966633564
32656465353763316562313963346664383665393839353662333939383963643331663363316164
31393739663361323833663966343339653335656130303933626165616462326164366364623865
30346234353464306137643961643966343035633030313336303437646536366231366337333535
30663035333336393432393433623636383061376436663831316465376535323338636466393436
32666634343661323263363639353764323530653061353139336363656666653035336666666362
33373464623732373862666163343762653836613632346564303731333561633134623665343332
66643631373930626139316531343834633964353934626462613136623064333236653634613432
38653934393839316135633662653963336530656137356339646338356530666161643962646434
33663935376133323565363463313530353561653737633732376632623637613566346564393236
32313963356465636538373037613662343430636263346265386633343361373263346637323633
30633562336564646136303937386433356338366139313133383463636263323534663862383830
63343132396537393733633263303663633563363533396439313239663235636435663139323165
30623663393339633631613463363563623632346132653165373432326633343436663532326134
62313365336261613564313731316639373464346436373239393866343731343331383436363136
62633934666461636432333034616434326361613133653137353961366561303362323261333138
61346330356237313464626431613561353765366466623863353437336238323065613566616163
32623838393465343133353464343765366130366234313833353037646162666534316634316534
65666138363533633033346134633362626566653338633236323338383865646236323135636161
32333430646166396361326437306666303132383762653338363835386334643533363931323033
34626434383663613830373337616636303035333266363939613738363162366562376361393932
64616437313165356433306636353132633665376566323035323063383365393931336433616437
62633063356430393638623561336432386133643138353262373632633766656164356434633266
34383135363834396664613262373032633337333263656632303731653733363462386238376134
63303665663061613631383339333366616666356264643561303034313339656361626265373064
32656330353466376233616262326266303438656262363662636262633939383935343063333630
62613531356532393463323564373961346337336535343664303134643032646263323533616535
37663636643338666365343432656633303839663465663765613537303536636136306462333337
63356432656339623539303361373637623464633661306466633137303563346661376236396630
61643239353334393230373230313936663663646639393436343238346662633931373434346365
61643436636339313234346662653631646362373765386261316239653162633333633066633539
61356163386236366261633132303334343539373463366235373132653837613135356563383237
61326362643233313038396333333362623335366637373732313463653535396238653765663239
65313430356165386563313831653436623433636662306236616234353564646565663732333966
34643064396663316666666331383163316139326562636561373135633561353030616139336465
65633561313537366336626465353333633336356136373066313831626261346534396561623632
62383138303539613961313765343465373933666637353430616132343433333234373966316338
61643031323537353639393835626461366661303330623238313137623133343930623831353565
61323331643230613962303561633466613633633161653633343935393636616635386466633838
31656365303931343635383532316464633031393339633565613464373538643462326333643635
31376433343461366661363932623263383231363830626561333865376436363535326664383335
36333965626539323930623737396661643966663563333237333037396465633861383931616165
65383263633532366562666662323465323534316530666532633663363237396364393166386335
33383665383835626561336132326436323463363065653139346436623537323464653932626339
37323461636531333230393238303138393565333166323665316130316435383234666563643464
32626332666663663932326566373132323664316264313236313032373539646532303236316630
65333537366233613261623038656361626265316362646366666532633234663364366636396633
37313162353839646363353030363833396362376161396165633064323666383365656339356637
62663337373037323330343937323064356463386261313830336331386338326161333433666536
36396634356335646330643537313761363063643664343364353564643831656665626534613163
31633532333961653638363036396535333039383835316531613938623032623933346261663930
33316166383635653939386231646638613134386365653330363737393764386638663566353665
65396531326165376665363933386630326261663966366135386530333861333464656232666232
63336436316163373433366535653464323461613430356265336136616639363161313063633362
39666338383631363065336537653830316137643431363537323731393064613165616438643030
65616236623534633133646532643632366135396631306339396436383039386532313337343139
34353966393833646239656530333562323533636433636530643337336665323637646434363230
39363364663965376134626665616537323931343231386439623334326661373835343766383532
62326161323434643931623162306365643663396638613632336161633431643132653332316130
31636134306130323364383462656432666365393238613466343963623231653836616537396262
63323538333765336564303632636639373234346436383939306366353138613964316230623833
33663532343562326236363139363432623865393064663837346339376661666365663263636134
38666132386137656336363631666461356138313964666432386664633537633636343439363631
62346630356164363663376632363362356237386166623333303362623637336639356161643163
32333361333065336130383435373763333164343062653238353662333166663435396435313832
66363435343563613635396366353466653534363132626634653031333538303036623330393035
37626433643739326336616333326636393963623339653464646130393464363362336336316439
34636635386464346335363435626432326361636262363064386430363263323738396362663838
63363865343766656532656437663331356561646264336432636139666265303165346535393864
31316636353463316430333032653932373235396561613731626133626339343165326131666237
30393366663663393466633834643165646163613566636432393462636333643861643937323739
34613032613637633339323830303161636232333830663633356436336139306361386538313031
61356330346561373564383264383232306334623864643535376132336133396532
