$ANSIBLE_VAULT;1.1;AES256
39333133306561323236376336633934353331363966623165313161646461396264616661383737
3036356665653231633164633761653734323235343930650a353266306130646636363534326432
66323239376339343837333332323038373338346662343038396638313233343266643937316265
6635653432313432650a393830613732626263633739323031343838333130303463343262333361
36626262383635633264333963626134323632393835653063343464316438396238343933316265
30313362653131363030323763336434303664626263383839616335666434306535343638623563
30363861633563306662393832613766346461663265323132393466393765363738343462643661
64663138663738326334366231373063376135383939353030316530363638633266303664623434
32316637326138343635373365333361653635383733313233663036376566316636333332653562
32363964326365366463663866613062326332353839313230616666316366386466343561353831
66316430353733366539353330653337666535356639333437616531343430653138616561336262
39376637306262343532376338366432666263373333393938623338376135336132393963616162
39386530653665643065343764343566333636666634666337396433383535386165616336313631
33343537313864323039626564353961626436336439643234356138323438303932633031393535
66636338643666356133353837636164383139383139623262396332323664626264393335323762
31643433363164616431396666643731306532313366313037633530323266633237333432656661
35666263303738616462376531303433666262313535353738383465363435396236623731633930
66363334353930636331313763303337336137386165343031626531353862343435393361643237
34356266623933366437613963363130656366646638333665633165643732663230383264386261
61363535393536616437386635313065353161643538346264356562303234663331383963343239
39643436646365363934336435633137666632633131363063643562623831323433346437373561
36633133393739383235346232316339363265623236383266656630383966633635633261653739
32326438323166353863376339393737316166643037316431333836383537363862316162626332
64306339366363623732396530393834373062323137653137326436373166613034336636643764
38306566333134333366623366316230386632366664633131616332363462633161306565306464
65643761653435646130396334363165346663346135383930323761636437333766323766336462
32656639666562366366643338396134376465626162663034393962393664343762623234303865
63306661613466633738633734356137353263346463393465616235316132636539663238616337
63376339346563663264623866323062333435393036666236326431393939393263613132663133
30353963396565346338303233616635396533623432626436303438333334316131363536626266
61333965316665383233393032386662396464643061316438656131363263333666653864633062
35613436363930356363663561656435376333343039643539623738376563363539366537306165
62346663316435653962636563316638623065363235386237346161663761383432323364633738
31393830613764646364633132343066663839356533636465306361323635366364306638353063
35376263346161626638316365373237323861656361373365333230363230393932383239313635
61393663663765303936313938333538323635376434663761353138343965326333626535333335
62643035623264396333616464643139663564616166356230656666376662313232636634353834
32323637396633333764353430666138656531356234336465333635316238653732346239346565
64333162626437303832306163366432326138306363663462643231346635336162313464346139
30653534376438666561303833663332373664633333386638393064626335626662623834303730
62323363313736393263303332333937393866656331373162303434623431623564353431393533
35323837616337323031333936663932313439346438376236353466393437396533376634633132
39643364336636646637373932313735636632393439386236303839353362636332643239656536
39376566343937303832326163366464313563616565336235643966333439363564663439336661
39323234343461383935316238373430366530643164643837366161643633313839333433393261
30343839326231376335626537636164616536623039393433373361616161343061643437646336
30366661326233383366613563346133333363623336663838613335316465353931333865393265
30323436616137336131333134353235333264333230636164313338323938626434646265663162
39656362393532616162356539333064643766353665333538646438343761633936613134616334
36313137646236326264386530366136383636316433303537633164303466356337643061363637
31323035383938336461336235366432636338353366366665633530356530613335363061623539
66396431363238646535316163653738376562663462353563666465393933303031666233316534
62663838646661633763613463373634386539363436303731306431363736386164663965353564
64343966613232353831393666396535613835383532303935303032386530346337376139363432
65613566656631366161326636613531343766643532306533626261653333633730383031313561
62386437623663353932663736363866646666653762623661646465333339653130643130626436
30643664323433663932303731633530363932366538323163633366613437353765353366633534
33336531666233336136333637303361356336613432323931653634353434353837343834306165
63356434376238663162623630353935656363643336313761616262323338346364313135326464
36386638326433353737323436363361363038653734346535323137623361366462313936326436
35623262336239396432613462376564616662653435623234386232306563333461623035343330
38353935626438303033353037336534333531623132303334663061366137646562626265613861
36626339386434326538386132333933613132376636313765643735343238646661393161656639
35333931643366636633376266393339393039343336383165623865303062323064616236626534
64366332343863363039646462383765636361323864393330663235373533396132643834643134
36386130303565376130656462613531646139316332356635633661353231663635643466626234
36613436383035653531386433326533336237653164396239333732386265316236313837376430
63336161323365613562633836326532323835383037663133626162626363306562623565616438
37323437663734316437323465393263333738366664356435303762306533626463633430383030
34376638613766623437306433666461656264396364336163356663333461346661343636323064
65643562393463626437366166396536323035366633353136666162323230326638323632313963
39313433333861323436366435393237616538363732376266633339313866633264303130316561
65356662633030356237313365383932313530366337643939306530636439383236323332663064
64643338613963343362306461626631616232346332306332363962656666363964643130633163
63336565333266633930666632623832393066646335376332646466353133363863353362626563
30363437306332343466376433316133323363656164653136653834316239363430666463633663
66306664666332393234343766333630616535616265633035336366326332303435663338663266
62623034383662333836393661343731333332613339316364613437656636393131323765346566
63636533646261356261623136343837613166366462323732323134383735633663363032393666
30376665363132373663323538383930613564383665336632623933363264623462376264306332
64333530616239356531373964636237623936643231613330303637306534633139303664653531
38363061623433303738626532333361626462396261353231616431633132623133636434376233
34613333373439623961346235303661643736396333323939373733646439346534343266383737
31333732363634346162653936623339393763363239356534376638383134366165633938373331
63323835303436383230323364346263353065383635623338656265353936616431376232343764
37623032623836393130363861623634326235366663346135313761393464393737333534313131
33316662383332366564613532373061323761323938656362386162646436306265633866343238
34303564663939336432343133616561373233343564303039356138353236616465383764386236
38343332653662333739316330353933663531323330616230313866643965343631
