$ANSIBLE_VAULT;1.1;AES256
39616433393662653432666533313537376237613538363064333363643265343132316635353162
3437373239336634366238313764393966636365346161340a373233313766373932316232653136
66353134616130303463393934643765366161323662363230663366613838333765313637313366
3830326237663636640a636364616338663764303836333162653035343863626239343835303933
32663233663634633638653036373565396637333833363936366564316466363530623761663938
61633664646432306231386362303831656166656430656434656238366263613564646663386632
36383738653839366133653039383763666431323931396333653230333931373564633662383032
35386130353662636261366635363131636432396131633639643264306634353066633163343861
63656438326364366261646464616661666336646135636434383162316430636637646635343865
65373137353164306163623436633134373539656633646564653733616135393563376438623762
32313838663664646531633831363361326636623863666363616636353432616261643064633765
36643833643033623839346231663739346362663131313339353239656665633435323839313637
37326361303363316264306436353962386432643561303239636639393730613766303464313461
34643361636438353762333864356439306335386663613839393137306337663164333735656332
62373765613761393066333437396535326466303631666461653265663265313639313632653863
63383130636365343137323534646535396634313234636566643136646262353361363032383563
64653065343335646138393238373435326430373136646635303333346666303238326666343965
33656335326538366266643635353532613438393732336239666562346534663565353734363131
30376531613866343633353730393764663061303162656438383035636262663064633461353531
36333137356334326533663935393336326561373061326531623532326439653461653231346538
63653763373765663033653238303961626130373461323261376331343035346534313633383063
61313463633631386533323939303830636430326534343237636264633739396238613838653438
62626437373236643835333132376336336135306430356662356361616264323831616436306435
31643461646465643632303239646465653132303463653063643432663339363966313431306130
64623337366261633363616539666363333432656630303936623466323231346234613936373261
62366534333036323236653766383462666639363930656665613237636138643861303730383936
65366535373331313861646463623164326436646538323936383337303666666562323664393930
31616636366631383239386138393561373335643238333237613434656433343230613433656434
66346361336135373261303539653430616665623338353363336361313431643830373365333563
36623835383734393066663739663861313166623263313934353136373038303035653461646437
61306236386637643164373437313731633962383937363331613962656234393231303863623035
62383265666132396133373765653363313562363361306663326437323831316631613337363639
37383439633063363261306633396234613166336266326462656132663230313064383265366463
63646366363933303930623534663765333865623864623063326166323436366461666439623361
30343563313634663765373739616164653438616331383039363761393465363861333631663164
61623163663563373937363235386635656431633439363963353834313837623331353336343464
35393166333531343530346639323439643563323539343630346337623565386432613866383461
32663431356431336562316234396630623333613939323965313639653363663630396361353030
66346663633166326666303063663735373039306335653231336364313466626665643630636639
65373963643566663230363034343366363062373461653238356632373631383064626362393037
62323339666465636366653039343465626634356464616534356438353965353038373661323837
62313032643861393864613835373930373936366536633637653164613631306235356363653736
65313964393231366230346634313239633435343132663030646131376135366437323961316661
31616161623230373165326365636634666530303363653036666638313930626466356365636437
64633739626438386331316462646435326263303336393664386534323266623266323336623138
33666465393737623663396339636631343538656332303664306130626432396132656566383565
65366563633563383431376561336266663238343730653966303066356432346432663462623331
36663134343837393636663438366464643765643664323430323936396531363462663466363165
35363366646462333532636234316434643365366334303734656238653931656433656431333337
31393237356364306166613230393064326265323831663762626436323937656633303839383033
36626365306664656534386162306161333830363563323632343061633064363664643266663339
36323737633534393332626139626330646338633531656164306564326464393530306662366166
34373462336664623838646362333666636630616263663230666638633461663437663261646335
35626164326364316634373736346632663963313437643961333530343033613035373736666366
30303731653663616561613130313461653664346461336565666138303966616231393863623330
31333038303239666164616361323036323834383337386366626137636431373937333662383534
63643862366331343366396639613234663632343764316232666165363866323961656262353739
31623365613062633939353463653137653665346432616661343465353564643764386632623135
36643562646434376330363261643430646261343531653932373330646563386164623836353865
63623531343633666463666563613964633939346238666462346633646435383764393366656630
61363633663062653531383066373839663862333462363033646231333134396132383039656135
63613536363063626664393838373734643835343834653332346131323132366538623939396361
63383130316163373433343332326432656263383138376336643033653562353130323734363366
31356665663736393435303131323766373636343837323864653261316139326235363638353039
64623965643362653564663963336135633631343361353535646566386465353962623234613463
64326133343261626362333337376235623536383334373237386537353339633964646636353930
39626630616433316262613830366661376265336162316538303631343239633533383764633730
35396330666361643635626262363264373239323737376134326166363335656437376662666230
63303635346130316539323963373332363730343061373239303730336132646564356634613062
34613530646630316561313634626637396561356661653331306633613739653536346135363035
61326432376138646162343330323836656264396130306435373262366432326561323065613861
33393037366335366161366234653339313561656465623031633735663936386332366166373339
61343563346333393333396636346137666435323639663538653865666661623535623837356435
31643737623561386531313739313930356263303665343235343034383264623031643734646634
62366630373761333330613737383962626538343938333237626338303238363666303162316162
33623334333335343834613230393736353838663432306138316331323531316161623938616332
31393932373366393234363935633961646563656332306435353138623138663738393336383939
39626665656232633439343433323838363839373365653539653165356536663634643666656537
32663761373033353234346632386263333462636533393065346236343132376363646336623039
65373037613130316431643666303934666365313531353965636136336437623962353963626235
34363162633865373538653532656437643838636138643966346334323265626436373637313430
62353937663238636264666461356133303962343639393632643763663433333930316431373866
64356535326465346433326639353235343162663031373934663235343262323733616161633634
61353930316464323866383362383639626636333431653632366361316636303562613134303062
39343837653831613466373162633664333764646566343565303334653739313031616166643838
36623839323063626331663266626632346538613936336335646238653338636639623135623232
34383333333230396263313235393362633032383431663635386337366465383765366334656233
31373862303938343464303435623066393230643662653263643736623931323936646461393334
63376662663833666631336536623561323932633765636430633135323561346339
