$ANSIBLE_VAULT;1.1;AES256
65633735393031346133613932363165633430376230383237623563653266323731646636613237
3431613832333735643366306435386363356464356561640a633631326631353332656530316561
34653430343765616236303363363633613338616632646463303333376537656534396164643166
3365366166636464310a393763376231663437613636616138396434376335393639353563363637
34353132633132306131363734333863333332633338343366623936396230386165316139303234
64306463313661633838336531616264303136393365383138373438363431613135626631316263
31346365363730303430386664666631323032366131376630646662363534396261643766303938
38303532623032343363646537613534623335393863366232663632303561613062306537383038
38663564613132346362646566623038656431363931303838373237396432373265313065613934
39623034393330653765376162333633623664383133303862353764393262613734313437633835
35383030643461386237376564623634353231653066653232396264643065313161383035623337
61636631306461613033363034383036633130663930633266313931303938333666643431646162
33336139366162333734373735323438656635653431353365306435343334346431643264363963
63633233393463333239313161363362356333353838393864396432366437313835616333376164
62383961633666643032383761653339613235633634376430356133376238623163343436383433
39313261363633383130303361396437313030633133353732633266613863633365386266653333
37333138326563343062666433333037396664323734366432313437626234666338643238613234
66653537633166323534313263623530396566383834666433653637666362636431333366373838
36306563396536333938366531353834313765616339333837663235653037636634663966363033
62666262333333323761636365396635623164623837313831356238393539313366353335616434
30373731613731353566303330623365383738336133303231616138356164356637623633656135
66616434623335306538313930643963623336383933386133316135323333343432613439346464
36363838313066303464366237626238393435386666353831626636643862396536623135346132
63303032326165346430636230313730346264313032313133353031323762663738383534623135
63363938373232306631393163326439643235316530373166643737323464373464336562373038
62346164313430333938363464343661633838623733386532623865353866353564303136356634
36373437653865383762343934653836323436363865373664316335653432373365326662363934
65316232616631376336363163323439626633323731643631616137303561643765633066656336
66633736366530623761346537306639373730316434623766613763353664373338663338666335
34656231613863316133313433363137656566313966333365613032343433343737613566376566
61663666633536366165353462366632653163663039306463393864376132663337303436313065
66316139343666313437396662383536363432643337343935636331626533633130643463633337
62366530313234636631316430373939353136346636383763616539643363326637393035393466
66653132353232653831643037346661316530623134646632303536336635616631313063636330
61343866353235346235346535393330366666383064633630653537633261383335623831653561
31333762313735373463336436366462303062383434663232646130623035663461643034653738
62376633383133363530653232666134346461353632323731306238633235343861336431356165
61623365343232646235363334356639383433393537393666393330346330643536323166373366
32396132633239653830646363333937333061626433353334623663306432303833333263303166
65386237646262623333636166623864666538343661623435323535306666303765643330356237
38613837383838653733323730343364633166623535303964653332333064653762666631366662
38633130336566316237336565393530633433663536663363386166356536613536333737373533
32316633396363663037366665633766636330363230306262353232343466616535646564303134
35366538646161663031616164386639653936616661353162316131653734343461346564386333
30383166393965323332393532643732636165613463313935386232666234353662653838386334
30356162616239653165333531323066363736393731666237303938343162313637373934666636
66323966303431643239336462656265666237613735393564636338653635366632393932373062
64666332333430313632386638356632356366333932313264656632356666636266653934623263
36343739356636343062393933633333646330366262636431616666303364646663366239623065
31653730623961643131636432356162623866326433303662323135313361626432323563636530
34366331646233306631303230646661353163303364326337303936343137373437333537653936
38323037373237333665386434656534393039303832386462666162626139633930643764666233
62373632623066386539376563623936353065303063646365343539346234626130653530353662
34616334396131633566376231633435306538633062393838663938343034663731386637636131
64666136646639623165373264633132613839666135336639353331666366333232613166616366
39623565626136346439666537656130313266646430633462333762656562613761303638643762
31396630363634306365386462396362323838636437643462653236633264636531366135353639
33363063386231666663633137626339396630343032373066316533636234313930636264303634
63643738633763353430303862306330633233636133623932333933326136353337663933373762
39333363393163353230656338376637343235343265666465346264306234376432653638363330
39363639363832643337656564343631303633643562383831313835653161343535343366333831
37663537626335333662643034383536316634626239313031333163623930336337303634343338
64613039383139623066363631653266316136613864366266653961323532666138663366313464
31363465613930366436633734613135393635336435353161646462303464376332613135366437
62386266373835623633636431643135383036386435363262663932346366356262643064323863
66663233633034343933636261653833643838336430663039663263366463376434386665613837
35633861623164343661616135376130323538616634306361363335336165626166613530626630
31336330626365303465313365636235663036663633366138376461636333633961666133666335
36646139383439646130353231623439636533303832326430343266663231623930653365663133
61313537386432363035323039313461343534653466383235376635316632303165626566346462
39346430653233373037326638326161373035323333646561396364613062316166373466343564
63333632613739336336396134313964353331643836386561316234653866636438343235306361
36633131666334316264393361376636386561376166663961656334353663343563336636333165
30393762613430356265333734653339306666343935666130336362383138313565356431626431
30393465656561366365333262633337616530666338346465643632323332323432383062353161
30633635666266353032616366333264336631366163363532623963383538386437386661313238
36646432333736336333316137313833653238336266363165363030356133383336666234653465
39396465616533333832303831663635323035633665343235396432353634326563346361323832
64353161373865373833303635643061633666303134653533353632333163306563356437336636
32663763666532616237626239323263663736383539336639336264303233386439613562323838
35343030393665313538376430333630376361373964303933643734323961393837666430343233
35656332326531616636303833343339376562633735363937386233643036323464666361336264
38636563376463353164666133316637316133396462666332656362626563386336326363343662
31353037343338303735393033663631393631653963313861633532613563623532656361383336
33306230306563376338333936376438643061386430376261626138316139333934616633343930
34313437376237386531326562333433363661366261366366313166373937373865646161643965
61386331303634353430313734613762313663326361323061303238626339313537356631656130
66363832303863333534323863666264383635616133363638636464623962653632616463663033
30353539376361306363303235353661343961363339313662333138653363353231
