$ANSIBLE_VAULT;1.1;AES256
35346437333536613161346438303532313634663931316530613531623636393233646365393430
3436393330356262666632383539343331616463313961340a393263316631366231316366623036
30336135656632393235383366333061346432323936663030323761356463636534356264316366
6564393334383636320a653635323862366362373265626135616137616265313264623830633333
62633536626366306565653735386364626534323136633464633530393735653330653238633930
36363931383933376263313432343561363633396330363566623836616164656563306463623439
37306639356531616464343465636166356130363335376366323630313738373638356238393966
34373432336366333064653133343138393666623439346265656661623163356637623663386633
36633637393439336436386463633937306138643337393032356134313537363239656564333030
31356162383531653138383163656234363737353165666131616436373139316164303061336534
66666130333663313531613435356236653366633737666337373832653133363966636232333366
39333033643132353264363736316535323339323564666435386630353266303565313738356334
61353734633238323135373432646536353531363861306632356133376136303637313239343864
31616230396162663335313163306537626662363962313930373464306231353061356632313461
35336436616434646336613735623661626333623837373261646166636235303236336137306333
31663630306139383061633133656563353264373836343232356664663661333238396463386330
30313365333031353132653334303733666632386433323035393037616630643439616632326630
34323435626234336638653139636635383238663239613963393430316461313237313765326263
61366131393165316631626565653334376632353430653633313535343961616634393963333637
34346338653663633138306335363437333736643332646164396230323632383438613336663930
38613839303064303633336138663438616464623631343834626137353061633434383130623630
62663564633433613064343861616566303538653138373961643230613062336135366234313730
37376434636139656637336463323737613832663430313831396339336362633064323163376438
65323339646431616366646136646132316330336532396234313965306331343961633638653839
33613464396562616664656564656630316232323236356331393765636133363661663136313439
35393839656336383131353362646531333564333166363562663831626262653432326463303062
35363633353132353433363266633662353435343164373763313866336463326361653838623132
64633132356236626466653863643431643732306164373939303632383962366633356631376636
31306261313261303234613531633632343939383065303331646565363038303036313161373761
30323131353462613061643763616138316433646430366133373034343063306361356636346365
38303065393833343735323162326534303639353237346439663634653637396533323230353738
65323734373864636363613363653630313337623862303137306530626439373362646537373462
66366564323131663064643863323539336338643965356437636664366333343031613165366431
61656335656134626139623434303132376538383131623866666438356238306136353365373261
39363661373731303363336130303133383961393832396538613436363662366562383162666662
35626536373764383365643433303534306264326564383061373962383262396530613539346362
32313363393339363230666362313631346337356235336630343238313463303734306164313438
36313061303432363930613135663530366266363336613532636339376564616566393031376436
33383966393936396337626634393162343961393833373333306530616539316536313264366537
33666165666433363664636635616434663361376366386265613231383638396232626562623634
34623561316236643561393234373165653938356131623335626663663530626165336564366265
64636536303137633263383237386135306666333464616437643663623632613830323035363439
33623338363333396631333866303339323464386134326430626232626435653566346461336265
37353037633630313331613632323838633032356531653133623264663663306432643437366464
34656565653765303839393631636664396434653831613366343338343539656430623131366664
35396466616336636237346439376463303666306435653733346334326361393632383831363239
32623437663964653839633430623734383136326161326666633038613863663436393432323537
64633735393264663164376563376638623136316236346134336233303661343137623464316637
38653839613566303931333365383537663166363966636338393830623733346230623032633262
37393333383766393666356537383762623262383066643839326533646438623232353637333266
30646137313136333062366433623166393064316535653064663066663164396662643834316533
63663236663937626161656437613534626134393863333230643938653334306337323566313035
61386231383663363164323063613038343731643631376334636536353038336538366663626537
65663439636562383433643439306134393735616339663037383037313038346639646462303430
65346233363035346164323062353665393061386331346439306133313837666632633166333766
63313631653362386463306665343038633636386466353462376663363236323966643066666263
64343961323664633632613966326562323763356262356438303665653161363061353962303233
66336435616134643131623531616631353134653833383438363633613938346662313562626337
38613235343563663565383837663531646531323030313231336361666133396630363731356661
64333032616363313762623464623664616165316330333137326639396535393131653431653462
63393833323331613738366564643661386263383964623763393739326339623965376564396136
61383332616133323961393132643465383331346466323137376461626661373732646631373064
36313431333539333536303061623763313435623939303964373163316336663466393330633130
65343030383632613230306437313530636635373861366664326466666435626164623161363561
35303631656432373461613138626637626533643632656337393733343035326464383262313835
30626663383037356261363834326636326637666266366336316165306132653965343134613564
38653932343066636466663962626636613037373634666239613835323666636266373634646237
64336364663237326461663137633565343632353636643639636135386236323435653638346630
66373734373035623138663964343463306637623937646531653333613366323739386133313230
36366631333730333263376564306165653064386331323639666639343231356333633332623337
63663062336263346662656334363666623261356331333763323937633830383132333263326361
63396361656636623131393237653734653936626230373638373461313961353734346538356266
32333530636663386163646463393166313632323638373031643264633532633137363532356265
63663634353631353032663937376536653431643434303934653333323763616337303438393964
66323562333138353437623065313133666566356464306166666134663039636261366561373838
30313838653065623938333038363035316539613739623134626362636464356436623938353234
34323330666563393933326138643135323066663832636532633066336533623832393464656635
66666532386563343461333138646263383537393461306462386333363539663739626234343764
65623764346261376564653137656131383365643365383762326366383035303763323339653662
38363362643437356561653634323665353033643935376536623231373338313435396264393439
38383837646639383133353438363734383165376566623831333837323331323036373562376537
31336437303235643265656434643130653664386235623034623836353362383033336435343466
35643563616131393765633335653262623764336465323463666438326161613162613538623361
38616434313238343738653365666234633134306463636636653663326239643463643934333435
30383234623834653461663264306364613032396661633239643232653539363066303330306161
61396637636234333866353630616563386665303139636233393861323533333935646163393435
38313833303662303933616135376531313863643431373336313338626263366536646366313966
66333362653661323935663837636665306664373230306435323831663733623433326361363862
64363565643030323738333533653133333331376631336232613963306138663963
