$ANSIBLE_VAULT;1.1;AES256
35383061623364663232376266333764396263633837613030356361353964646262633339663265
3435313037633839626338386561396536323536303332310a633035383462626130393663323233
32346632393139393165356632643331396637616332303835616433666365663637346538353732
6630383161376638660a343665653931663535383431366638383333646531333761646165373235
35643961386330363666323537366432663766303332363532393261323536333037393238353332
37616365383261336566643438363461303439373734373862653932313237396136333733366162
65363962333333663066353239666532316131343064353636666563336339303235316134656636
61366332316365633263353461343065336232313666613431326236323831353430623433623133
33643337656135313462663465616566363064366335373164366164346636636431386163366438
63376139303565363435653665643766616134643635626333383830663763353434303164383733
34306536323530333630376530666433386334653231323864643666636638613931636564616562
61346432353830666631353965613539663636643434343664623765663032323933616135633332
38303461623838343836353264306262336638653831663233656639643132393731653532346233
35646332616437396133326330373139333430333834353139613166386464656565653365353362
34353437306532653137663530626563346366656136383165343133393066663834346366613664
61373530306361383565636536656439383430323430333037366466643132396262373862313132
39313465633964396139363332343438336139333264643462336563646231303434383136633538
65386435623931616233326363623235303664623861386432336334373064313061623763303633
36643766663737653366343430613632386537313834623062373365386464303137663663356131
61643034626566623333333539663338386638333438376365356136623965653532306332383561
35633064333631306639326630346463663633393366323331393534613065383037346231373466
62633039663462353835333633636231386463643963396133353235396231353531656335303935
32643266363262373261653431333139613732626661386264306632613762366435356162363331
65336637303164656236633338646562346263666662336239373536363733353063353630393039
37323437306464343366386265663739383435383166373532303235663433383735336230356166
62356562386262393735656630633730656236306234613965656438383738303135366234353231
61356137636264386336323766313430323631323731333337663633653430636135383835646335
62353237346265356263313932613433323332636132393761376262386432386361643937383566
32386232366462353638643734373165663763323465333463616432383832326161323163383932
32393064363638643765616231666362613765383162666262333932666238353735343238306131
36626233363034383131653930623261613432346364373761306239393439626439353662626237
62303264313866323331633731333432656636616330386361373865613164323866666237633130
64633735383966616262613461633031393236373932643636636136633336663266393166346434
39353332393062333261616263366232393431313165656662373038363033666335643963313030
38313735623364323361623833376436646236643239346230626362613635386265323437326466
62346261323630666163636462646431356232636633373831366465353538303134613266373032
36636233376664383464383061613139633336613435326563323363656336316366343434313463
32613632663633386639643436353734313562616533396332663562363663656161353631313666
65313839373164323732316536643664373232636636366139303639366631363935633339636561
32356238666231303162346334393935623031393437353332313266646161636534646664656336
36373064356236306361346433643238393562613764636663393232656332316433336130396563
32303630336235656330333738376461336662653630613432333533383230623666613238346632
36656131643264306163663464313365636262393462633063626338343336333333383131613465
39653861653638393432353738346539313062346633353431396466313634313635613037306130
30373331363532636361396230366162663166653334623364353761666330366531656165376361
39656135613033353637613539343038626338326334656137623330363861366165346131613338
61373734373239623436333737636538626436326637396363386633636562633262396665633937
65646563613733663339366666633637313838623163376135316331313932343332383063646532
35313833333937373337386134356366323162626664306630353834383937366133626631626235
31323165396132333565336633393137343864623334386234356566653730396230646632366133
36363763323636386264336166373865326164386633656330363035656431333537316465353538
39306238343230376638353136643662663639616132326635613138353162353832616331313632
66393730663063653632616266633762353834373639326462356466646234353062643865336633
62663036663239313735383634303764353239316662396638363962333562386263376232396466
66633237373863303838323239663464653166326636313731623662626431643130666438356637
36363431393262653337363565653665353463363462376431303330356566346162303930666431
62343435653631386135626538613539363935313035653936343065343839356337316537333835
66383931643536666330616233303731363239663535346539376537356239393336373430376338
65343766363239643932366437633833333936316630656137326564306563613632626530376336
33346630383339356362333531306537376466613731656630326538363038313165653733346130
35333032666234623362393532616534616465656564313832363237336166353230633062623232
35666331663435613961633665636464643461616264343361636662313564623462353937663064
61316434623164323939653437666233646231663763303030363363353763323531383837636562
34393732326137623964663035393038643461393930383236376136653031353937323430323336
32333564663233366435333733323035366234303766303030653738616335663862303566316635
61323962633535346664633639356539303530393631383537303466633732613635313663326230
61393339396430646437333166393262393264363830643337306539343361646361326539666234
31323066373535663839313433663936613263316631396663646664613835613039633235353038
39366231303333303166376139373431653833656335633766643962643132646633303931383764
35653236383835363162306564373561653361656266313638393165383964333362633963326631
61363265326231653030373038363736633462346166363964373965363038313939326338396363
32396436376466666535366163383530326432376365323834313365636533323335633665616539
62623238663666643130303736323263663765316562613566316131653666323234656336346436
63363363343037313031666136323932326563646136653665373463363861353331343465316365
61343564666239353266636166306330326231316536346337663437656238393138646330313033
33626436336439306536653731386461303465316535666163303934643032653534313339653832
36363836626462613639636361313837366134666232643565666466613739663531633964393834
32653737336534373639373132626365306634323334656130346439393866396234353835633563
38393238306161623330383939396635343130363037323937373961396664636439383666323266
31376266366538636531313039363466383830333066666237333331646365386563396135356166
63306665666566326532333666343838353361666630643534616362653465353134623337383932
33393333363739613835383932633437363734653332633234623531393132626533333935366139
37633661666136646139653564316333343261663365383234623935343636633039663731383036
32653638623834663037396163626337313265383436643162616365666431616262383237373465
62616361633037656366306464316132323466323364313064356630613761633662313164376533
35643464313132663035616233653563396234363839666136386664393531316463336336333562
38353633613237636230316538323531613364663038366130343761616561346632613762343362
33613239623961626233336363303965333464306161653339353462393831363938613063316231
64333432343762356534303030366330363032643565373035666433363531363766
