$ANSIBLE_VAULT;1.1;AES256
35373130633938663838643966616561646361616266303432343065323632336433313666326230
3662616634363763666565303737376466326465623530660a346532373039353663346265346239
36633835636531393531323336316131333132633830306465326439316362393463343330373335
6135663861376363360a623831316165666631366438623635326366363631623335333062623833
38633066623638316135333161633134383765656264653932396266326233373130306338376538
63663164613330633063393731343137373461663337333937613136633663376464326634316264
39383030363936346630333461363064323564333139316265346462343136663532373561393835
34386134376238373234616539363938376133333261346462333864316630303366323335653464
66643531616161373662363036346361333537666161653830353533323363616538653537656161
61613633646462636636393131646333656537333538633163613263343439306666626336643631
33666265393366323331636366363362356137343830306335303864633565646130653637656139
30646230393565376536646130643538653933366336316131386234613039303566353661323561
33303563363737623636393039303435373861323338343964646338633336653832356333373065
30636139303136633462346135306262666434623964393732323464616538663232313565356339
63306233333730333935623762663032663239333132353739653665653231336331363833343663
33663130623237336631313639346535353631613832643965663736316562646131616136383337
62336532323732346563306233366562613530626364663538306161623462633636396264636230
65303931326664623166383061343134633232376138656138383837623134626663363637666639
63316330383837636230393434396263366535333262633431633038636239393939333634393161
32636431663538656331636664353535383631363038666239303132376139313237656231636338
32633732353831383961373563666137333861623362666139346634613230396461356636633664
34376230393563613133653461316538386331353633383038376333643966333133376466636436
30396230313339353539313633643532376332666434646633323838353564613661633132353535
38623263373137616134316336326166643364356438396361383163643364376333366534623738
36653834343531313637613534316534313137623863363961646438653963373735303232336266
65353132363436626532623337616162666633336130653738303530636163653464626663636630
63613831316638303136626337383836613835616438663361346338376435356163333365343066
37626261643161646135363535646333613761643537653534623430616635373466643533396636
64623463363362383038663162336430316134653736316631393431373339393031623938383735
65383565313062333337386135633635396362663265366264613731333139653137383966643439
36356566616439363530353866663965633936393362386463623832353234643934373436616430
65363136333231343831303964393963613763623239623439396630663661323134653833396231
34663039326539613339323930616235623932363666626661633632323937303935313631303931
32636530353435333531656638613465313866643431336266383932393330333063633631653463
63623036613637333839666533393362353635363137643330623162376262396362326130646233
32623233393063393830626238313361323164646635383538333739376464353730383239353465
66653766346430623364306130646633353839363937306539386665353963366434313833366563
31346335663530356561343363333933373266626537313431343539616534643138383836623031
63346661333164326430393465326238396639363934653062373662396630313138623033643763
34356362653635346463343537393061656634666562666235373664393836313866666562306238
63626434363332666230623763323036353665666438353831626239343437383638313665343438
32393139656338393832326238363636343530343439353635653266303331383636336430333037
31353536653332303630316539333034396634326232303735633663643864386338633163386131
36313563343266313732643735333832313539326239343365653665333431666433383564653662
38633531383562363638396233323665633532363637353966393332613639383338653532353431
34353331373239376234323639383137623166356231343563303135623065646238633730653736
31333634356439313764323032373236646163336665666464646564653965633364363638333237
66363239363162323830643839333333336465336239303739323434613766363233656637626264
39653239623034653561663132326363346234613363373565313865663631666162623163653032
34643430626439393033306466613431636363343439346535383061383531326363656363353863
62613636663633623661303738333438303436323239666134613166643534623130663035623261
37356663306235613731646236643264346537616664646262616238356439383564396531373932
30636130333932306530383232653336336231313330646464626464343034323264366463633066
63623839333638346461313163373939656630663562666533356330643161623334626330376366
63653434653062336332666564323166316138626465323236646335626432383436663565346130
39653265333836636139313864663330383662353961336237333331393132393638633439393762
63393865366239656139656563633934313263333133316337343134323265303939636632383737
65633734666234366530346531313937656538383835383632636637303238303839666231663562
39396236396136386263303164383833316434326562326434393837616262383166346436363566
65396633653139633038633865653333653836386263653165303335663334663563323033363538
35336633373139336335333762386462376430643735666639636666303539623138313430366532
36613633626638396161623235633735636364643761313237386566313665633164663230373637
65313836393033366338343332376264396566666632396439626236303865326331356236356338
61333431663161353463623563393432643139306338303366326463373335623331663562303266
37623835316232373731303831643664393561313335383766316165653131653536306265623933
30373830393365313536303038646331613337396433363364393061313131656533646666343861
64626661393531336464316339666566393639323462356232393537343937646665633964653330
61393232306162373335343438633066633163653831353435373837623861626438326333666233
63663838623631643930346134356336376364303238303163353161666562313166613235366437
65383966343362643734356632396664636462303938626663363938316664376132666661376466
62353635636335613666616331353036393637663932363639396238366438653638323862636438
63376635303161303034343630643334386165623339613862376163656135333566613862313464
32633834616137313662666565613061626561316330313636323538623161323035663738323230
39396436643736363933633431353764346661633333653635656166356132636239346437656135
64626234316162323937633365646665363933633535646239653634313163623330333630626562
62363036626164353435373437663230653530626438623537353433626130343666383461376136
32336439333562393433613235666234393730373331393564356632623034393562346164353263
35643763386633663932636332373438646465636139393333313339303264626636316137633434
34333331633738363036353538623031346135303937346333333831353564376364326666353437
36323264343664393666623635376161333236326135346265356630666632633733633234366239
65333539346434383461393665353334663663336562626361393563343031643865663930313465
32313731316164636532323531636363376639656438613235656531393638633336356562633962
35393835353430343962613563376464623038616562656537623064306133343362646433633935
61633632316536353663656536633362613464656661663236626562303837343430646666326531
37363564323330613265376264333163616263636537373333613062646265323035333438383662
30616436393335346633326362653039383937646636396165386564306361366436396264373837
34316564626336653861386664366438393939373563316337353333383736343731386262643937
35353561366132623838383737373337353366343937303062626263363034376263626334666430
64633837303837343034613263653439653661633438343433303366623762326262
