$ANSIBLE_VAULT;1.1;AES256
31343739356566383038346461366234396439626631313439643761373638383561633039326339
3638383833306564363161356562346530366363323166390a333838623037336563376164653631
66316263646336336234646264323836323765613638663233323439353734323061666339303833
6136626139633862370a346135303232323736376464626266363331313231656232323161616630
38386566366635363863313865363761363764303439356331303138633061306539633533353061
37303934623363313661633538373130336538343538366330663639323865313637383530633065
32333031316134616563313361663234336231663061316165383936653063636234663766616264
30393830353862383038643730376435386639626535353035663030373061376635366238326634
33333932316135393561626434386630376332333565646537313961653030343765373966346465
37303134393233343563396339363965396534626665653462636636653064343833646233383030
38613936613663393265323739653239343364336238303263643833323233363666323761613661
30333963353037323138333938636130336330333036663931313464616161623936356539373736
64646437396438633931313736666564373862333362353238373738393165663335346464376461
63633562336532613530623333636536343336653439383136346536376233336166333433393238
66636438666631656565346639353764303561343839346237323531633032653434353764303533
39383261316232663138376461333166303531663465326263393462613035623238333336646334
36613638373339643961383636653533316638306161343033303163376335323235323830623636
33333239623030343635336232663235383063333261326533343534663630626431313932393832
32653262376534303664373362373639666231393863326264343433636365363334366434646235
66663931353432613232386364336237623262393465326562383439656137366339333532653733
36616336353635333537653031373961656161323539376465653238313334303662343666323635
36663461653965623938323138633037383662373534653336663231386663336665663764646630
37353537393639323632363661396661646364363933643436366533306238366332616531323232
30616238336337343236303866656539626663636536666531613834393361643939343865653837
31646331366136643438313737353438656631353361396434353231633763643334333662316361
64646435626630613861653230653261633263363936353366393366306339396136393739373066
36613130376266626461623437366461633339306366386361316661346162333362626364363334
38363561626164633065313739343139306661626232306134333061663432663062613732313030
36383232663631663637626163643735353863643233616135653036343164633439633632653162
34386165666437393731646639653331393337396165666666366139373139313530653737386237
61363830623838313036643131356334313333366466356439656430653039396363383638333735
62346265346161326632663264653435323063623331663137643230646366303164383739326234
38363334326438353266313266616236393130623362656262616132303464323139303065613661
31383337613466643232623931643734303336336434646562326432616630633831643638353064
36386638666263393065393033643637616630323464346530363330396334353939363463633761
35643831386465663934356364306538323831323065386665646430643931396661613339623961
33353365663838373439373133386563616265313730393164626330326438363930306134323738
37663938346163353364343936626139383432383438323236323661383561363134663064656138
61343635396234383530666166633130313665303332313264383566663638643662343438656561
32303533316331303836333266373966316565336463373630383835346136313062656130666638
38343833313561616438396231373539376632393663656334313034636231363730393665613837
66323038663438363563363361316565613065386333646239643834333463663063316466656132
31663134653935373039313034633262303164383965313932303766646165366237353035656264
65353137633866636138396537646465363461346363316136316136653630313463323766343834
62343265663861353062316232383334613939616237626231643239373232653939636434313031
34343738333930306138373332343365663665666566353332653661363663383636656337323664
65656132633234363234646336393433346435373134316433326434366235656566303738616330
64656338353336376238343865626536633363373263393035313036326339353061613132613232
33643233366230383538333432636336633966616531383738666134356235343538396239613361
62623663663734666532316361333039356631356561613536633631653861366232353430666338
35303161346135356530393034643830386637363633373839666163313061663065626338626638
32353538316433393437326262346434363363383236333165313032663236333762663332376130
38306531343037343738326337303161636336656465656264343239643363383032646266336362
31626135653332616662373833326539396166353733323532646564656435343865333239383164
61623637656439653433373864383732656636343663633039623961663939373530326234663038
66633134353234303432663333376265666630343238383133646166303064666133343930653836
35393536633833656665326536343233353536313465316463653931366435353833616233656364
61323135393464393362346537333030316436316436656233663161326563643438333039656635
35366231623230323035326664303633306435633635316366313964303165393464666134306230
38393562623130373838396337313833313538316432656130646361653364323530376435373039
30653764363066346664633232316637336631616561633561343535336635636434663961386362
36373836316633316330656563343863623462306430333465323532353032323930313264613731
30306266633131636132353135396538383034333039363033393263353430353633386563323464
32646333643666666134323136646265343934366461653233366162626361646633326230376236
33306536333933313232336538343331353738333463356661306636303535313231393964613466
38393835346436316333376330336366383436326166346231313961383333343462386338336463
65383635646163643663633766303436313963303861343633633438333265336532323234363264
30383366353763363532383634656664613735633439636137373163663239333438383966363966
39616439626161633137313931373763336365653734653462393433336536356331346266303738
62616366656133383061653830326530646265653139633362656565336131393939303530333561
63306530336631623931393830383539656566616331656564616437323431653561313664396533
62623435316561646335323262363862386236363862633030333362336138643931623463363236
62366237643962636632653737356236653437326434333862333161376661396331653562313132
35666239616330633363376166303264643532313835643634366461656236383833663530343065
30306534376665346666663132316261613038323664363638303666363865323438366163663731
62343431313163376631333734653465346330623336343134623237336339326261356138383833
64386361393661393363643632666435626533663365663133363964616562336463623539333938
31376634353035393430633761383531653733333961373062316630303862626265363764333265
66643631653562333238633932373131333563613430366235356335373364616638373564653434
34353362316464636134343462663033376339356533393835363266643030653939663930363366
30623630316664646366383230356632663862613038333661366234323066663139643232656333
33346636316661643036653636336430356161323137316535633732396463313437356163633532
37396234303162363233343739363530373033333563363835336632303333336537356361396366
38313962303330653339343937643935646463663239613965336665666462393963646430363465
31666239303165353266623362666635626238643833306466373736376232366332363764356133
39353964623663303335666439313331356562363733626330316634373562636562383165393932
34333331633762356537343963663263643737343130613962653764643432336634363364303461
33616634366437373762643637306664303063643231653566623662383531306231656136626236
35343039323566306661313761613261623538396337383634343230393536373462
