$ANSIBLE_VAULT;1.1;AES256
33316362323964356337613637373439303335353366646637313138353365663837313939313065
3637306465326365646238363964636665383065633435350a346365393466353339383731363161
32666630386135393632653436623262363833343732386633373466636234346466306439613332
3566653163323966610a323933646462633266646562623536386161353438373733316431616264
35356235383431623534376662333835653265666634633933303162396233613365343232333664
38373064643535383065323236303963303065353238376430303332343463313733366264323262
37653834306336313137613539353833363332383262313530306362656537343933313537616133
33383633333434626135306337613935343365333738626561376630356535386232393465316665
35646263646130613263353639346330396464613265373231616239343937623862323931613533
65376332653865613439643936383462396364666232383737313838666666373732383162353933
37613334376537613931376438353135366361386631663337373930313537376138653138633634
34633830613661383761636164383262353935316639326135376638366635346130636633393737
39636463336630353736393835623631663736643339373863376234656361386335383230663561
37326264386339336234333335643765343336646131363032646638653536326630656336323865
35336237663131653133333465626435383566303339323637373764616634613335323462326433
66633836313533646661363962663933656535383766323633316662613862323134313737343436
34393430653061366237393061313432386539386336303738636239356632323339376539323930
33373462333739386165346330343261363361653637366135313833303935633330303732373466
35323433353233663033393765633563346533653665356131383533323762643531376433316131
35303233656163393035343830316331363639633433623839663939366636383363386436383737
61363438326638393165373634636534346538333534346134333963323835393733653461396137
61636665353766306466366137623065643137393833653866653031383233356363333232653034
61616266383235333036393334633265633561623335636233373738623464383464323664316265
31323933666565313332383236343566636266633366333638643938373866393837336430663765
66343331336261376230303233616562363339336637323063613138393534386462623739343730
63386166633137353564353633643761383537313230633362323266353135626639316361373731
32353562346635653839636166333261396238396232613536373236623566306139383338326232
66353963396230316435633562333562633634613933623062376432653433366265393064396265
61633533393637366434616632323033366566356261656539323463663338376530666132343934
33393837336365306236353936663864343761613831363432383936613564383738653964326234
66633666613262613462333833373735646462366439643833396332643133613764313831653932
61303538313362653765353430373135636562623661333637666436636463393939363135663132
63633938653638323166666233646662653135636434353739333536383837656135333236353665
66633334663636323466643261373036346362333536383233613739623734346165613730393232
36396335386363363061333637623733333736353364616634313065313562613330646235636432
61666130646366643061633135306534626162636264303731646264386337626662363566373433
38363934383165623539316666343362626261643464643165373063336339326365386333663766
33626637313161376665316232326533333565313936353534646265663466316337336663383764
64633961303730356638366564633930616436356638626338353439613837383563343266383331
31306435636334343139376164383664373434326139353361346365376261363730616535346639
61633861396165616438613266356534346538343062393831666635383466313737653036666339
30643731363232353433346237326261343561636538306334343837313435366463316533386537
33363930663134373033346566663636336638616166663562396561343164346133666532363130
35323836656537616332393632653736666563343736366165313665393561376232373838393436
33373631343234653838373565653565323166373837353363363864306463366435613562636133
66323735626435636634643439356535613563393137363939386433306231393063656161383762
30343264653339623136363734383265343834616433306238333337383230666335666235646135
32633435653335323764313663396463396361646466333765646436633661656430633566333735
34373264373933626363383362613339633965376130646437353965663632356630373136663930
36633039353062623532363164656438343265323137356232373435613338613364613530666563
35393866663564393065306435663035616235613064353961633434306230353364376231313534
61306166666565346561373264346432376462643635373463343066343065323665373036366532
33666135306135346335323732653737626237646334383161656534383135383430393838363236
63356238633666386161633039656464613933643265643331373865373534636466613933323532
61616432363862326137313361663438346364353830643162323266396635666333656634386565
34343435383031626161356138383666393238363037363465366661633737633730623462306436
65306132383831343332646637363632346662363364323333313537613333393136613062306565
61313033653263666661356562323466383663643261666162376664346334373130363232396231
62616638663763326134386539663164633832326565636538326338353739366133663939383365
37323833343662633637303037383635613939313433343639323035653963353865393164393933
35353731623561356261666138323761373735356430363863313132356465343834653636396366
63303732376262323562643031376131346131366232633133336136313666366532303136346431
61643935653963363235333137353665626232336630636261306538616261396362636433653330
37623161363039336133663861356565353239353964643535303866623833326564633034653963
31626130643730306233343333333664623065306637396466663238626130633432633032633132
63613565643433613763646138323838333466353636353635316335393238313830653261373661
34323533343565613830356166653636353462393137346566653861616539303066386636666162
63666236316137656331313631393633653638643365643862616362326639393331383061633233
36323865653466313561313066326438623563346363623530626365353434363339616332363863
35326236656466336233336664633432663765356161313730333339383066653535326262323366
65336130363038373335333335303263316134623965626436376164333565313639316663653432
62383234643335666330363539653638616632666137633839346362393963396638383435336563
31353165666561643434643764373064333430653266363230373566653835633434313231393336
31623332633233316137643039616364663765666664663134613531643365316362333766383562
66353764323063393134653665613765666362623635383333303937363939633630633362343236
39323464623332666161303037336261383765316430363936333463366138393466336631306265
61373362383533393539313038343161313166393062653833366661666261643832373861646464
36336462633335346239336562373466393436616131613265363130633230373838616438336236
32333363653466623566383035653335333632303566373965653034303366343439383439383236
34343733613633366565623837663637323466393566636637353136396138376337303737383966
38363431653839366231323666653030333631323938666661653766363337386332313233363232
35373263366663386237363733653062303037656262666165356531663435353036633239353234
37663063313230666131623361346234373233643839636539366530333333636333373338303235
37333865616535613766373666626638636562623338613236663433626430386265646162386263
31656231313731383733646165363262383061336234306330323733326266346438303838396332
35643938613033656235633636383363323264666166303466383634353431363430363836626666
35636236323438346135373061326539643537393137616132386439613961616537366463333431
33626665343765336636316661393866373230663066646438366236666139383261396138356262
64653738306264643166353034663635373063386664333462643266346234623762
