$ANSIBLE_VAULT;1.1;AES256
32313236656435663864633630663635643238633863363735643561306237303933323433316262
3333366566636661353661323539396536363562643965310a663864636139656334323930383265
30336333316234356535653432613563623130613535636434653266306134633436656630393231
3866616435326531300a636462643762316236323737626661666132623662643434643438623565
32663435356262373333383538316436343739613563653737313037616663386333623839333936
63303165666561316137333135643938373336623033333031376336306338353162336162613431
63373933326266346366363832333632626165353530376233363131333239343331333636363838
34326665666264343964316130363830366437313630623338336137383561333563646631373866
32366330643463613830313935343166636135386666663762653438306366336638623062386363
61373831393938663239306237643635623364666463663935666231356136346364383433363831
34373361383165333763356538386331663737353861316163323865373232333536333265656132
32646561636636393362333332393935303931633965646534336331653561613636313839666465
62623739636163323936393963666165393736653138663837323232646661313539316263623735
31656430323165663032653365313862643231643235663164613033383838316561643439613835
31663963666232313964656130383833386433316264353438333031306562313531323262303863
66386465333331306662393635656136616365393565333738343136333333636565623934386461
33366436663839653561626661666163353539623432396231623161663566373333376434373637
66356135636661373736373966386339663065613038346132393835386464323533623463323561
37333730333738663364306164323631633133663637643366366562306264306364323233376261
63393634343939376534623435613866376134313532633564666633373039316532633865333137
38326237336233633930393033306638393564386538306663663963373864626230346135313965
33383566356538666361373863653365623362333966393730646339326563366266626533643338
66353336646132373662363938326338346533626636366163633965396237383961616438653365
62363234626332653236343235306662333865396564336437643536633638333261383366636432
36383133303563663130333364663063393061623832313264323035643430653230636130323737
62346231316537306339353234396664653937313438363239306562356433626665363366346562
64663431333532306664633764323665346461343765653530623138393839666330323432363937
31643630306265333565656466353135323834356263366566643061316137323730326465633732
31646134313133343133613761663732303538633731636335376462393035396235643362313066
63303133636339366366643938646136356466326237316330393834663533626337626133333834
63396566313631393936326135666539336163613233353439616438623163303336366236636332
39383666613765646435633761656530376165383437663066373464363733373832643433323534
35396165306636306633313133333965383361376561303662653264316637323332626132663630
31623263653539393339333539393561376230343034343734303763643837343133396339633165
37343939373365313166323838643231376530636538633566623561376637383864363931343561
37363536646332323139363732383966323436623062396337353265306565653561303634666331
63633361623663373633303266383365343534643338383231333963333962306539613635366336
33393464306231383661333832326435393462333637623563623233383136346232666331613264
33303733383733376630386266376662653262313934643731383564656361346437633438643463
63323464376634336665313435666336626338333937376533356562376462353462653131326530
38353265643936366264613865623333316130656264393534643037323333323264326235353231
64323361336639323630646235623166393663636431646161633138383439653237633433366438
34346632376536353331346166393863333832326630323766306466333430313837333064383730
63613837346561346534653361396463653139666535313634333661663961623066313061633133
38653162326134613062633330373331653263323236333434666539366233396162653863666132
31613762636362383433303330326336633738643535373464343734623362356262346162623461
34333537393638393366363634646233363363643237326531636263383736653365636133633036
34333636306163323132383534376339353166663962303238653761366531343030613330396362
34396532333561623265313863333932653462393534393237623766653335386336346230653934
36626639313933643762343861663236363462376633663766313731633230336664613965393334
65343065313661633737626130343233313330643062356264353333346462343864373231633465
38326336353265316664643238353233633330343236656239653762643963633930313832393063
31376362393434323361316462383333663964326538343839386539636332323137383937623736
62303831623562396366353637333866303065646261386230666437306538633535616336306432
38383362386338346136646266646631393264613862356464656332326536383262396234653564
39383833633638383533616335313164643161643964313262326139633939396138353730376566
38353739373765666635383334373832306637333837346261646266346233613662333763393331
66633137323965663535303764633866656335343337363262353934616338373836366232613464
37646332386532353738373033373638323438396538663134373665353738663063643137363835
65326464343535336162383031646164333863653064386265313064333534643761353331353937
37663932656265623130396365383531333133653032343662616130643339313365333861636562
37376230636230303466353732376637613036326663346230643363383832653933353066633834
30373839363437376433393830383134653661376636333537613936323337623965623763373933
30666131633636616463316361373038613836353965323838613536343866646330633231373435
62623431666533663564313061383936396333626333346432393430343732646161333933306530
31666133306662643966613166316664316530643537646639353835303061653961303333666266
35346539383033323263306263306133656639646337653261646635396235653331313839663336
36306364383634306336613637363230643036383866613862336565373565653966643263373532
66376133613262316362666665343637303635333661613132623636373164343265306263356162
66663139633664303763316464323838366563616439633764386662343433306539376138326335
30333164653538336132373561623661333238613431303431383862353064343533323461366231
37623036313633366665323563386564353033386136376331373436373735623131323039313132
61303031386661613162303533386265663635613031613562656464313938646262373535643761
66636666363531663234313363316431656565653931626437653339383938333964396266666231
35316534363830646465306332323930656233626136613336343965373566616662316562653562
36623839666137633765396230343063643439393963666465646331316263353531333334333930
36656639393636653330366264616232376339313036663033346533643630313537643939323338
64616434366161333632333365316232323834616364386539353563356439623866643163336166
37643338643865376634626439366237333461623835633862356135343164303738616436393761
30623165633263623534313532663835313962353461343830343263306464663835373338656561
38643464373063396362396232643461643865653430666162386136366532353633653065313236
35316136656335656232396530663335663038616564333765616162643331646532356632616630
34633564633334623436623437633831316261393237393161386338333938323761373634366439
63633432383966323162306130626235326164623933656466613830333039643162353938333361
38333162626539366136626261306339616234656236663030666130326162633631373364613936
65653837396363646339663535663764636239303263613033353332623763613430643063663934
62363566393664316664343734393534356336333533306335353036326238626331333939373462
34326366626439613935316565626632333433333834656435316633396666653435366337313039
63343266643033633634353263656335653736383630373739636534663266656664
