$ANSIBLE_VAULT;1.1;AES256
36323366386333346535633337323666356563343466303633353235343135666631306262643734
3332303563383964333534396635386635663436656536650a616637303737646237376534303066
65316665316539303735623362323133306362326533323734636633656362336637623234343430
6232373432356630330a393738346431336663626537623434643937643761623963316133633662
37396134613334663766616237386463336462303362373030663839376132653832356638643933
30306238636563313965313235396538653932616233633461623532333430663664646238633832
37623030396336383661393330633433366431636664306265663931313362316234643133616231
61613665356162646532653638653335363936663539333230356531326563346235333037323965
65613763643839656437626363396630363338316664323535383637623832316563343936373332
30666434626438636632633363303731353239376136626233323866313430316331373264633761
32313632383638326131646337363965653038303130663031623637363838633331373063373762
36616165383734633130666539626165303233643631663965643332643532333131383535636561
35336161633666366165613662306235373632626465653237326261653135643338633362643565
62663164333165333634303736346137653431613737663132643066636661396464343164313736
39613935333434653666653465373438396633373465353734666236333033366135653465343639
37336536303831623234346430383032623864336635663131613239333237383536626335313037
35376639353239646461363263376162353835393364383931363237313531613032626439383130
32663161323336376537646537373362303639643131386563326130303237306463303335636233
31393065313537383764356362623435376465666634353761316433663935616233376237353238
37303735396162323861653161653233666433373734383233323539373731643363343739656330
34376265376534643536626464373164383630336639303530633932323530303539366366363634
32363664366435636638653539383235316337316533356335376363303938633666373966336164
65346465373433303163316535386237323836643862613363333332336433386662313235333361
39356333346636333065396638663137323937343238383462623661313161623035353938646431
39353466383438316465393561613934636261613565383532653033346535653964386462623363
33343130626264663864626362353231353336306332373434386464613565326638343433393938
63363830633163373533336130656130366266393133393862643431626438306666326136333435
39303864333836633136393132613437313330343433326165363261653039663839623738626434
61386638613936333730393861353232663035636233663736313133306465343338653661373063
64366537303239623264373434356635336337303034346531653838353839616233626165633334
36383836303364633862323839306233373939366539303737393963313432376339633264636362
63653865336337643430623532343233383065393331383536356266303062386266336132613634
64636561376662643134363065616661306531393761656366336237356637343137646538373636
63346634333037343536333065353238336234656430626164653663343962306230353437626163
35656531363531666435386331363833636437313232393631323936373531626465306433383338
36663965613166396533356165363232653937363334396138626361363566656563343439633930
65616463353136666237323166383634656666663566303635653762323332386239643833656131
35613031363963393564663166393237623233333935643135306432346530616532353738356535
38333865333931303236346230623730393139316463626361666630386138663765306630336563
61643462326239386134636636646139383566656661343762396662396366386439643937313963
39313031373562313661653735623236306361343833316663626263393161646332323136663766
32656235313164336263653962323333323136383566613434336665386537633430656464633937
36633266383033353163383137323731336364373537363961313538613936323961323337376435
37326637356438383633376336626163636633363135333831653165326239663536366238303563
31386263373431303664363764303631653732336337336238333838376438363736383362363931
34633338363763393632616262633461333439386338613431323961393933643638343665656261
65343165313233373232323864353230326136626438343861623932336436616664636564633031
34313636633634326161366633356632386433643363633261383463393436613263626162623833
34353135656637343831346638386664613539366431316366373832313336336530653133336132
63323735613766396532336437313363613433373137643266363763663764326636613838343462
33346366343964623464306338613730623636386435376565373962343361303338393164333031
39333665383831316633623035393766346563646239343338353238383364646662353362323335
30623037623130653563373663636462366166616338306564326235353238356433366230396232
66323463313036643633613337353037343062383465646636323266336531616438336664653632
63353766393966373739356537373931376638323936306238353465316238356231303033633464
64666537386365626162386132323931386530623239353965636432663037616538353733663134
32393533376634383532643761666362653134666563326130633639623030656539383537333866
65323061356661323039666630313262383433363934353766306635356561373763306234386632
64376135316136323863616536393036353233623634666131353761303063656166303233616230
31656431663731353837396638343130386637326463323866336661393732656565363338663735
63306336373035343835653535306238656239613165623634656135343666303337626664363631
36376262643031633861663066343631396565303034383436633534343434356334306339626530
36363434633033313336333130643366383533656264656266626637393233313836383765653933
37323366626637626438323731303263643963323966366561376566313734353565363639383034
31623335393532303436633265383366326531356634653930366538623963643737633838613132
36663335343035363834303331353934393731373138366633393535396465333330393239353132
31643530633762346435326635646233613534373935636232363130323861326138333632346532
63323435386433313738386366356464646639633134623437366661316364393630623662356633
65646365623462313939303962323132613531333930363936643637643261353661636333376531
34633262386666643931656232613235633664306639346563643566396164386132373663633163
64396133613561663339636133646632346265326338343836373763313662306637393564313431
65336631643766643836353837363230636366306162373565666266663232623237303662386261
30633334623530373163643731326361386139613234363164663363623661666663633361663932
35343164343232643130653262333463663065316433373863333138313466393061356238333536
65343461373138323430343335653762356631316539353761616461623134383462333935333266
63353962356135316563663066383535633662613639653233333033383236393831643364356637
35616166626163653939633862383163323630363539653739643132623263303438353336636263
63373735396439306466396263313832313038303633303765326237366238393933613731646638
35333730656237363561633263346431333831353130313330636435663863333639386234346233
37633235656537653235623964383462633731336466396638373934383966316139386230373237
65613165643030353465393235613036353966383862636439633666643166333734363363303933
63386339616532306236336137633336373235623833633362306337316364666233343131616539
37313934623739396363343261383164623335396464373037313636353133376330336531333533
37353037323230643763386531326337363061393162383434303534363862633038643037666338
34333638313531643562323333656333326266616237616165363763383939346332336438313066
30396137303231373262636337313262363631633337356265643234306131376632326136616162
37373361663063373135326239616633323132356164313133333062333734666537616435336537
63666366393066646364306361653461326161633532666631336262396236373634353862643935
61623230306437623366663135316366326131366564653262626333393239633162
