$ANSIBLE_VAULT;1.1;AES256
62383838626231623537346262633261643466333933646466666338663432323562346631646532
3365333037376134623339373961346435313563326538350a326136633666333639303137376666
32666531303963616636616265636331303434633966636266626362343137616434643233323130
3261646261666164650a663832303030353830363463393961346238323435623536383538333264
61653365616639633766633331633833336636313638396230656537353064303837663265626466
32376139333639346137373139346337393636393832616464623963636562343065383666386264
31376634663061386266306639393632643139366363643466323439653534373037653836653631
33643731353038333465363362613730663233376433663762353737336466386334663630316234
32333831333831323231656538346664363366376433656333323836663533343763373230323663
39313730643235316262656132363863303434353835623263356666373736306564333533366436
36633836613238313033353331386630613236623763666437313430363036653434353431646237
61643833323835303464326363623138613364363031383166623430366237383261363166346635
38353165373636323839393864653062376136393361653762636666303664303062393265353662
63363965613464383037656132353139616162326232643731396131303265373239623263326665
36373538656661613239666563346630623430653161633830663937316137353631333762336237
32653030336230303862396636653735393030363234636638383963646536656235386366306336
36623164363833623831306535633565643835313939633437303035636232623862343833373931
36373266626232353835653139653264303338623030643931313937323538666236633730623365
37326165393630353539316135333465393935316363363533303838363433383562656532646634
61646364353936633561303731616639353235343731376165626237373264613538613737666238
33316237363633386235336635303932316264396633633130653761363237393466343230653539
34646262333162323363346331366165343430623762363533376537616237396463333666396136
61653439663635383934363566373335613034363331653032373133386234633539316564353166
63363966313835333466386430323432666439383361663531616635643430373135623266643237
66636532333334646132366636323732333339663966613030376536316330313635663165623564
66656562306162306537323763343363306564383336386436343965373564633336343136336161
65333463373162646532306266313061643961363432363634306261353666326338663235353563
33663166633761383464383339393738373935313663333838663464383764626462616264383062
38636436613962383764326338303933316662326366343936306539353765633362353931376138
32313632653932313936336463353435353939346531346638623331336237353633396431363935
36356532326161666161653137346531633135383364356236343330303131393038393038353634
32633038386561396430303666323631663236653335643339366435383139386337333064643634
66353662363332356565653836643633626263376132326663623335313066383739373064363038
66303433633833343834383866623438333164383932356138396466363438663237376264356463
63613737366430323639343162363535376165623537346534326436346536356635613362393035
66316332333465383936303431626436663236303163303137323236663538656133363462613332
35346439363232623532313261386433313530343233343562636464346434616365313833623635
66353539353236376531383931653164666433333938356264326166393838356530396166383564
35366365633033306536623135323566323836353438326330373435396138333035333137623030
65613034653234376165343230363565663530653737313130303661316161663231646365376261
32623961326361383531333237356137313439326239356265343532656637333830393563623135
66353965353633636464393366376564363466643735313231633864333839353533326630343132
30393632613431333631383633336262393765613936656635616233343734663731303730323138
35623033323438323930643236633832663533613035363231393463626330376533633435353733
61623732323530326434393231343135373637623566356563343663336265303663343538333332
35666431323038653930333936343731666232396563353661393739616666646439343733323135
37316361343337353338346634613733363066373135323662316362303934636162346439316365
34653162343362363834613438636563653336323535666266626635626161323365363165633334
66333866636330343232343830323035643765336263393366316635336365363731646132646664
35373262366666303561663537633064333632663462653833373839366534663136306634313261
66313264333935366635356132613133363337366566643035306438633932393133326431646530
64646433343062613733666365313631653965656364363537626131386334623935393233343638
62623734336238363737393662393935666538653239366434396533643364663333623934313231
31383562356533393564623361363936386436373566303364343863326332666539636363313735
35373734353332393163633134663139363933366364313839303365306239643038343934343833
63643133366466366238326231373531346236666666396665633234316163373136306663353533
66306433366230336164353638666235633031306538393964326562323437303666366535366533
65633866346632316134376639313934346639653266643561346134653739646561303633393732
37396335663633346562633437393162613364313530623738383131656238626166316333303732
62366233636264366435313136316439663466356632373365626539326230333137363932343163
33636661343639333863306466316638363566386535386661326130373639643336656537613035
34626332653435633737336663656563663239653861323464313037643033323832383133376135
36323166346232363861373562656466356464616134363265666462343931386164656436313039
31336664656366643732663034353730366164333539336466363830386366633461396436326362
37626538323030333235386136383966393562386435636161373433346633646461366438373064
38346435353238633236613866343030313631333037323838303561333762656636306331386431
34623038356164343566333162393131646336643239373536653166346435366436366364373539
65343838373764333638666665633530346331336135376466656438356631356137623530356338
36663032336233666465623662363765383432353730653233363337303033643937303165646639
62353238383133643932363135626239616565613666623438383332636231386437383436353466
66636330646662646136663665626434303362346466376464353963643064393439343230663135
30306332616334643666633665326662313364653533303263636331343131353530663462316230
32343432336132356264376363656538623539333063303766613732323263333831363739613630
32393730303132373730366161323263646234313839663331346230346565346333653734326165
66396462623136353634336639663632623839353566656664326265383239343936376465613735
33626332653662616132383261643536633261376538343332663038393436323737326434393265
30333436303837373230366130383136313139303730333331643162653638636439303935323336
31373139313832316466666264613331663539366633313164336166643930393636336366626566
63633364346331303364313932373331666161353931653535303462343931396461306262616566
39343732613966313065353235613530646433333833343132343962383562383335633030633836
32353036636333646138383138353635396662383931616636336437333936656136353733643938
64623665343030313436616165306136356530376332336638336534653663663038393564396563
34643331366333656432316165616538613035643266653133626633613664633932313030646131
39643636643939383135623537363630333838326663376535333635336434323933376566323130
63656634333966613134623732633165303266393035363533303039333439326539633139656636
34653834656464336530343533326363316539616432306363383063623034306136336437646637
66656339356661353635363437663164616562313237373436363565623962343737333430373430
30643737386337356138306338313536303830316562633763376165306365656133626632363737
30323135333564653963343132616565643165306134336164323263383831363136
