$ANSIBLE_VAULT;1.1;AES256
35363563326365303131613736313839666565656438663134306231656235623633363465336565
3134666636386539633538633938306666303639666337340a633661386234303963646138383839
63393633646262353065396263643437323932396261373032326364343433623962393730636366
3762363833316238320a633663316237346664663732336332343435663564386331393636303832
64643266656132396235383963666133616263643561626639393634323662656135666561363263
31643230376564336133333736393662316364346266366665353735386637353731633963376634
65393663616436626231663630343933396431663661336533306463366539316435636530336633
35643733623339663838643962316334643834653461623165366461656332303534666362326532
38323762333334366536346339643734323864343562373039616631383264623533323139303965
61383335656366303832343133393736373530386532386261356637373634316431306535366264
31636435653262376331343833373034366564656532653862373163633862326665303335323034
31376630643732333466373534336436313166326531633633396261623761316163626638353838
37326264313130643863366531393433643863383932383837336464313237616133333133646432
36316432653030616535656536373064313766633431373431303261336363376365363463633963
31396665623339613864613631323865666166346639303535646535333036316135353035613837
66653061316163313766373837346634633736613934303733393133303234636162306663656331
63663235616332373337666437393265643838373535643232343736346539646661316564376333
64643530383135353661643837366636363066396661646662366461356365313338623834663833
62666161613731316232383339346264366337653434356166633234653265626463346461633761
34376662366332326636623638613365653762376630363531386638353166636461306438613361
33316638373830363262303265623863633861633931626662373835356162613232323732666334
32353239386361656338323638353536626537663730386566383739366563316432653761386362
33326339336133396432373634353235353863613464336431343462666339653166646634333738
62633762323034326632303034306365623835386163363765623037613261376436303235383465
30633334303231633434346235356335653630666234393736643762383032633963636663346435
63613234393866623865333437656431316430373531303163353364636232656630353265356466
63623732626333616339333564616630353762356131363535653430383237363463363033343934
63313533326663636635623935653938636362393266316265393739316135356664316138373832
32656637343065363030326636333230326266383836643035323635396639393961366533313564
62313238346233643963393432323034616139333333353738626463386332633530353336333064
38663439623664353735326239346466306439366565316561343131323665633237623635316563
38396233306565363134643534356136393034303537616139356139313637393763336332633933
36386362383065316435343566303435626539613661656436333937656666336364663961623531
36353566616461346131353238643961366635356231363066653864313564383336623064663835
35326166333038663539383862306432323738303633313966613631323730343431643965663232
37393866323564656261633263393364383365666538396636646166643666633733663632376365
34356565373438643665363063376531303863303837363939626433636230313063326663373436
36313836313362646361326237376566323731366261356638366165633237333436653664373065
37363965396631633538323539393335333838386135616535326130333833636166653930653839
30363131393933633031653933336463353332303538616564393337633362393063643834366431
33396239626631376531346366653431636639333364386238626430353266333437626639393431
37623530343833633362636637653531323635613165643835386137346239393966353734643633
39386464386264363132393736373533383737323862353766336532643237303334323366393137
65373237353932663636326163306362633130353364663437303864396665386161623264386461
61356262376630326636303237633566386330343661356563653733636261363433323861353635
61303566316266373130393765313537313866303533373739616637356363343730346664393737
61303765313234663161653938303332396163303133303638346561396462373339656330363133
63656236396134376631366565393732666466653038303037353366326664623265346264653466
63356431343235306237353532343139393733393333666135666265326633623133306261326136
37666561393164663933326464303039366138613766393732663463363835396261396265636565
66633962623832626135386362623039316339356265623631333032313935363433303631666235
39363462636439316539623562616631616165356432326463393165303763353764333036346364
66386363393336616231633765306462333236303939306639316232336566353736633837323837
38646437363531376363336538333363633237306363343031343534376238626665653835393335
35383463333638643131636262383836383834343463313163356364333362376433313039633466
37643935663436623966623732313934323863633739373236346437323032383236393362353935
37313462363332363330353239646132633163363436373838393536383032303737656633363738
62613431336134323166383039316336366337353637316661616463313735653534663230633339
66316433646564393835303933336266306633363965336233396561616336646665383632346561
37376234333939613735316465383639356334363839353763353962636532663135346531656330
66363537646465323032643763653161303839643436303033366461353665613633643735623834
66643239356366623666373338623464646664323333396335616339663539326435336561343338
37366663653462386362363766346639326436346230653364383765633566376337623861356636
37643664643862646266376464303762613766653636633663643734633633313964613434316364
66643962303534383630613030666563303966356563393162666461356265616165363865366563
35653232346262303431326365643530363831643639366131363837316534383237303831373966
31303333663363636165343733623839656436303039343865336138303362346666313436363739
31306264326534343631383137643233303930626530623965636137346663363230636663633932
34363334666638323365313731333631303030623133623533383236303765663932326161333139
34343065343061663536633636633531396630666338396238326661333862626237636661326231
32393631336635633163646237333536643832623231613239313737663933326433336238656535
33656261333565333236373861383330303132353362353334633535396361306165333036363533
61623532353962363230663731633536626532663762316565323232363439316633373131623564
35316561633636316165343834626461663136396136656637626537643136303231313465626663
35643033333037366634366565643334333835346166646462373161393834363432386665366663
30633833353463636436613733386162323734626566393035363364326339616534336266323031
32393862316631323865346338623237623436636561396164326533623336636265393835646461
31333534663539323436363635643739366234393238386562373364656237363830666336336331
33666439613836656261313239303965373635383662323534333336633435616639306565336663
63313630383932366231356566353663636461303761323830336562316561623465376634346237
31333639613665613131663866306361363234323230613532343166616166663964313138643634
35613936356164326633386434663630393862326564636533636564376530396331316336376366
32666563646434346632363163393065366531306562313938306532363262633038633335303630
39616261353030613737313838656638643263336639616136636431323132316564313861393163
66643338393434343132613663313836393832316230623663306432346239613730313234623332
63313536346562373531343062626666666435373331373938333034303535346265643364626132
65396436653163343665353038626536666461623332653532623031326439303831643064336339
35386231323630373535326237376464316634396537623566356535383332623730373331303130
62366435383335363062333338373938636539633039333466306362376161373230
