$ANSIBLE_VAULT;1.1;AES256
64323938383965636137366565663863373463313861343762656137346636333261336536646238
3363616538626636303431653965346261316566333035640a316538653561663535646466303339
64656630646231356566373235333935613536333534616566646335333235646261623935383264
3465316661343662650a356335653565333062323961363236353231663131623432316461633764
62653635656364373033306430626335336431393464663466633766383630613366376266653630
66633532663339383634653630393337363830376630393062336461333265376638626130643934
66383265353839383163313730613037306130353637653637666436303364356632396535303365
39373839353030336134303335396566636539323665396261653463313338393638303261646238
35633036613131626635323134353863343861623936613563316533616438346561353233316463
35303934376233636432646533383263316136646337396433316364356537656361343535633532
61646633363830386331313461616266646233333163636338363430613063303438336239376231
65313738313765343364366438316365303633363461363535393363313532366338316536333762
36623430393735366636336238386562666339363561386134343439613264663634336135646639
38336135623531626161623033373536383638383138386665396363303565663866353265323836
31333262353131396639653165323638383763336139363437613738323665633030306462386231
66303533343063353439376438313233363764653064393430396163643433383463353734636336
65356339646364646364343537666266346635393739336638306361323566393265663831316633
39666630333062386562356231363066316432376639396666633333316131643862313533323562
33363838313863356433313633633736336339353433623631653964653966313936633762366265
65653234306664656432383433303531393031353730656335623934383139646538656564633161
37323035353064366633346465663066626332323366336438303338663334393461333531376331
35326334623766383034346462643039333966373663313131343664376330666264353634633238
35396464623864663038373735393736303433353033393164656431613162613961386135633665
38393435626234663931356666313334623936303530366230306662363335386234366536313333
64323834373865373734313036323937643761393732626435623763623163663638393936343231
32656238646563313865333164303231393038653561646439343139363636373262336136643333
63313637633563343063636438633333386463616238393365326635613066343533326466396333
32373466316562666131646530373064366639363630383762396562386338616437356439623038
65383363333132373961623435393839303965653366346666633164386439313065313235646131
34663231313562666366346335336133366661393235353331356234623337373035393339643632
66343732363535373465363865376230306162383439373438396136363563666565316432343562
35303131643235326239663465336530333239643633333937366236336532346566346565616465
33613036633063383464626238333832643863643364376264323236646266313830313461323035
36386136333561646530373862383162643335356163303463613230306536323038326664656538
33616634363936343562633037616633386233316363366661636532373631383166363136346531
30343237316632333637396430393136366565663063326337373665363639303063376631623263
32376638646565376562343064366161346434613435316238323162353433356432326462663636
35336330376531303334613265653065333438636464653531373632353232643961356530376537
31636235383232303839633961613762636634396561656638636433323239666535666334343066
65623439633331356665323030396661316566313638326363313431373037383136316265386336
39313962356135316138343964396436316435396263393332376232636664363439663933333231
35393636636161306131626333313332333736353736333965376134313935383263303966616664
35326537306364383963313933626363366335623061313064666366363039373133636264626463
33383137656335313862393730643564303461623562653265373030666639346136303565386435
36343262363561623761343739306333393964373738393534313734306366336163656436363836
33623536396236383430646633323231653730613737356232663164663063656531393139306137
33306466633231343734636163396163396130333930393038313061653537646464613962313935
37336264363632353638353565343766383664396465326238626233643431663163333036363339
37653035333264656536663231336138396434316564343631353966386465653135316432653462
35366133666530376333643538623531663336626666653864653238306666393737653362313566
39383634346537363036363035363838376264633735663066623162326336303736306432623935
62376562343233313130393762613265653433303761643162643534313836323530366634336661
38616564636634663837643065316439616639666465316534343935316238373766386431343366
62613063626436616330353065653537643363626136393136623038303563383436373735303166
33393039333435303039343931373331636535363135396262386233613763626439653432656137
39386365616437363132653865663335623630313038316237653330306330663132303761633664
66376663353736356662643438363534623632666663306562643937326664636561333164316664
39643736353664333730616564636333303330633838373131383661613861653735636363643439
65386635336339363865623938656239646633353035366234653734353938316330313062636266
62336235376661316663613162386530323238636438313765653962633636613064343638373932
35666236323139623130643961643265393230373630383466633338646333376639323664363539
39343032326538323939656561356439313037666136333931643966313163643738353437383963
33306461376635373034396132636337633562666264353437613130643731643062633964633935
61653736633365643137626432383763326333373037643832623938313132313966326136393535
62656630323234373539633065643836303636633931636333303066376434333039363134343464
64626632623064616537643434353866643463383039303234343533633466666136306531616330
31306539636139373365323731393839396239323633366566393763386132666337386132303464
34333537656530316136633734393765373439636265393264353139613631613435313333393465
35633336333637613664623163633161303165333964643637336130396164653535326538626666
34643363653761346536646231353266326164386166636330356264313137323663373762336263
37333365343533383362393931363562663834303537326562613930666261303639306662643161
39643964396137323731313264343531396631656438633364633130343832316366633137336661
64636431383838326135623030393232383262346232653064633862306563616265363535653436
32363636363063356530336239386638353636316232373430643338633162646132613764636337
65616138303466366266316564646134353861346139323036666365633134663033373963343431
36666161366265326434313961306263613938666166626638333164316630353331333165656633
30646230353033353433666135663336613965666537303664353439653763656233653931353332
35313866613734316333326435303336393738643764623964633563623031353961346631333366
62393336326231636363643561653436313234623661343239626630313736383837323337653331
30346131353534316236353161643862373966333037383039373465646364636630666330323835
39353966636562383431643737396639643034643338393534303033643237623163383739613266
65626466373538636663346338636461326130623434376338663866626237613033353131396238
36383963303432653033633263366430363466306563373663656130373737316232353639663738
34633965386336343962366134376136663335663864633837313032306261326566633563623262
38363534613538666633653634333066363433643064636131393066306639376134363331633634
63316631303563303565616562366262663336306533663334396362643538323438626630376363
31336638333835666633643966356362613031363736306637316335343162323035623830383034
64653036323336306165623564626631393164346332633264393331333861316131633931336333
65633132306337393663626432636361663865393565346337313862303636653632
