$ANSIBLE_VAULT;1.1;AES256
61376262616637346238303363633433656466613365333333306237616633333337376162376337
3130306434616437653431653066613562376138323961360a333139613537633963363566393163
65646362333734663235316538363932633231656238356435616639613631626432363234316165
6432646535356161620a336561666365383032633030633464663835643438366235326238383534
63323431396464613933313863363538626663333336663862323435343162626531653463333966
61656364346535356530383862613630313166396466316534623265346466633634663832653337
38343961353938616263316136623161363233623939346233366661303236636439313531626539
36643034336133633632626432396637356664656339363433656565343662303833306537333435
37656135363937306638393931346263666638613232303232623430306462393061323032636233
32323035316532306231376139316561366465613366653766386431396335333037643231646136
34613937646462333139646139353834623830353965313731363936633465633334343662386538
66616665653539366265316139353634393134316463333066626562313561346634393537343465
30343136623863333338336566336235653139393231356235383637666430323034616632313636
63663235363339636232653633356530636238343539323166376639373638626639366539396430
39646331356534373334653662633164623166646461366630343064373736326130383965663935
63323464633637346663326662356339663365663565336336393864346233623463666165633266
31613062636566333833303166346637636563623133303330323537363365353330663963393563
39366137326461613664366331663337616136656339336533616332386332303239643466626231
34353539363039326361333262623565343866636234303632306232373536333237346164363630
31303761616331366139393364346339633064323434633936346162666637343436386538346631
36646230333466626463363735363335353234376332316362653339643231316561376532323562
39643465653136326133306136396438333065323132643763663734393638643431343362313365
65336330663735623436656534356534363663633635616337323232623239643636613130623235
38373932336265346531393862343539313731303664623530393337646161306531313731303038
66643036386561373137316636373735313630336235643530316239383364393533623239613532
65306238613436396264616438366562323963383562353235656334613963346634393264656233
65306665363732646238336461663162333339353830353364303564343133656530643664383033
66326565326235313265663862633032613933633736363431356263376665366166366362393438
34333666366164343461383961636130356131303733333962353738633361616161386230616138
35343564323266616364643765663535356164333065326430356430636531663937383532643430
36313162663862646139353435366236306566666261333064383739633536663438356235346561
65623565626237366432343630343232333765333839363266343533663664643564353238333535
36393062336334343861663464633736353033613166643335313864623033636139353030366539
65303362343734613038303136646162343035393634626635396339333033643738653265636662
63663535333133333839363731306666663466393030343565393338613231633236656530623362
63636362356535336137343062306665303936656566663133346132633532366335646434376136
31313139646436656665666635656638653431646465343562366430623534616165373430653037
37333138346237656638363937343139663336386530343134376632333435343734643366316365
63373134623832323738333261383663316134363536663130646435656266363135616364386236
39336537313535303539656233336566666465313530656430323831636662643837653532636230
30643838623964303630333834353762383665623166383831303139653332376438313937346536
36633566383336363236613436386134373838613938373061653931396230613061363030363063
63353434613334643830626364373738383631313332643532303434306263643436366232646638
36353830373662396639346235623466663966643830373863323831643165636434663363333964
33653834653038643664656538656266313566363065373337666461633930393236623132613830
66623763376439393636656233316233333638303536336365396236663762316165306635356339
34663530613432663666396430306136373564363561333037376566373432633734643138333562
36323934616236353737316532343130393834353762663565643231653738393930313865643536
38303061663034666639666566656132633637646162616232316333666261346466383033633135
38323730346432656363386133323632613765366564306263613536343162613166663165383230
39636535386365383530353835646338323536343030373537313337613137383533626162393038
31313930363330363566646637656137643264366162636434643837303433643436303137393464
34666633616536666238653239653664336432653735373066656565643036366665653266383166
38613364383436666130656662393033663461343166313732666339633533653364323562373339
65353538333731313266613735613661643636653664623262316239313632373834626631343762
64343536646431393231313836383437343730366435303561323638303539386139336464366163
63326161616263393865333434303938363465383366373662306534646433313661643139336363
66306536383066333038336330313132623531313864323035363131393134303461336235326465
37633430366132313232366132373466613832316261376533613736306165633030643032656535
39326239663164623237616539636161333162373564663937303033633134663830393565353562
35376233393761616130316333366337353237346636333035663161626366363031363131316432
33343462616165653035326138306665366537393139653662633966383035653930613531373435
65363665346666643935356636306139306535653164346137633963663965653432346430323035
36386331613465616665313564323035393338383932623839366436303766313164356238626531
33383234656336376531623661346463303633636262336239343634653866656337333863386130
64656464356362346533656431303666376138333464373962306239343835353836346532633061
37313235366664383162366561306631626465643430373835326337363638346136326464376635
38313936393430653034633231323761656665656135353034393234613134363332346564636136
64626666313933353932356139613038313962353262613339383439616462336266313039333736
30646432336564643334656131336163383139626163386462376536366364666235353637633432
33323230633361656166666233333964313033303962646530356232363732343133646137343962
37653535636461623466666466633061623734313663313638623339643532386566346637376465
61326361396631373166313039363437333332373166656530323134326432306231633035353563
62383762656662623164313363336664666264346238313633633536336361383531333138303565
35393263373661623133616366653766396338356637323931323435633965663366376431333031
35623739323430313835336266366534393835353736336233376462303365393634303463633034
32316461353432303533306431363338656337336439303566323430666636346363633236663933
38323966643730646666373231336562343361393836353538613561623336363164633831353831
30643837633635303966333563393261363131613639313461306136393139626631316562333464
39663137393231623865663335373732356537353830353936623362366265363535393565356163
64656664316666306632366334336436626534363866323037616432346563363433663539336536
36653662353037626338313738393664623634373130396135616562356462663264386266363732
34363839653461376263663262626531623436336662326664383962393430653035656335643935
36633137313030353330323833353532346234343634363134363162386632356635306361383133
35613466306362303166633736383062323331333039363431643537376532646262363161386435
30323163376634613933306132383937326261636337636535646265316336623563316665313937
61303066303966623839643636373338346234346238393036383666353266303039303162313036
36353833653234666163646439313333623632313432316636646665386432636531303335363635
63333836356162646461626333643564396434633739333362343439636335623539
