$ANSIBLE_VAULT;1.1;AES256
32346333396130633265363938623338353134613532386634316662386137396161653663373439
3032643730653638393737393266303662376237376535660a643061323538383732633731333035
36306338316364343837616665376435396462643532323462323131616236396238353235323764
3261616639646233370a656434633865303833343830633163653331656134376230306239613265
37643536663134363536646432666434333630356330613131336137346562333333383439663533
35336238316332363332306230616239613030303936326364666537356131366339653239393032
39626537363031323836633137373064346435626230303630666366623334623936323738396435
30633731313630636530616339626161383034396466313662393236346465343663653666366234
64656164613963346531666532366235653265666333636539643662353834343462636136333836
37386131323835356332663134616239323334373366306434653933666239646366323963383564
31646232613861316334623534616534323138623238633832363431333936323265363633323563
64626162323366666431653464303038313466333631653035613331326363653665613234343535
39333361373736626265303761646566363063323836306438303362303733656331633432626231
36363438366163653662346131343332346139366133666432396137363737333938663832663334
32646435366635636664386261343535363461613765313934623139653536636664336238616265
31376138313039636338333566656634613531373433373334363936373332373436346139636463
33386430306134613331613137623433643835366136343638333334646662663537643935393637
37333036353034323335333263386539313761323664356465326331626666646665623735323931
64316432316632303763386365613461663964373439303432313632663666633933343034303361
30646339383133383936666563663337393661376265633438363464613935393838326539643234
31653465306133333465356337313365386530373331653866663666376666363031346637323533
39343830336538313130346662663666316434363065363537346338353933393765303938626365
63353336303632643565313031323636386130316533383936373933623531643033386539613739
63623235656462623762393764316461366137383336643133653032383866343730643162656530
36363363363033323936333438343765303762636564623465656337326263626435323362646135
34323235333831366530366236336135646364323331636461616265396136303765623864376364
63613262646537316531633865656264633366333365343037623066656339383530386162646234
33346637303664373331666437326466616531643065613335633063656565313333303862366437
32306533663830303135346166653639346261643130336339363265363530376431666664623034
65663331336463383338366232363033396236366234373932366366386439653863363865636666
38386531643835313964663037626564353865376236373665323339393666663535643434656636
66396663643765663839656230666234366639376365393033396165336134663939643363366161
32633033386230383533303835616265303139666335353138663563316331626530396661303966
61646533643335643130336334356662323931323931343031613266316663383466336561346437
62313366366139633161363661346235643331643464633062373233376434623864613337353466
31616435326533346437313363303939316366373837353239393661336238306463393430336266
32646334666137393537653132653561303838366233376138653133616534313963386538343530
62333638633265633230383032616334613062323863323366636536643034613237393266363235
63373539303531373363313137303533643464663839313933653636386333306234393966306434
65616461656462633532306135643836336533366464623564633666373437653037326137353264
36633665333134393336633663393337613366613837386263663266373965313866306231316234
30626639613165666664616362313763623365333734633531306432333832393262346330363962
37366164313966373665666263326130633232313730663836393664333636343636336132353563
62306239393530373439333465666161336364333134663866646162376537373531633139633363
37636139323832383461323731666162633033626362616339356130373035333464326130666433
65613465333864633364323863346264386135383938313832383932663131356136393739386133
64343166633930626463636362323738393565663362373666666565376461363030373462376330
61333733303137356230666332373137323131303264393639366636626434666561396663386130
63333131376533636131643837346637613331666466343536633261336439386335663766613365
32323436383037366430646666653366366139663936353465663838623036383032356236626130
35373561333634656563356639356264313764323330643062613535346666336562333633653733
32303161373134383463343736616563323462303766323462653733636661663066613936653332
63333064666134343535366166636439336535316466306635616666396363623630393561666162
63343133353564653735623132363833336562346265626663336233613232363531316161393164
62333836396565333866666632346165623239366261623165353962303539643165326631343832
36386261643037646238363130356636616339303234633566336133626632646433343163313037
66333634373331393934313861383065643139663331643632623033363561393839326633376466
31313133623534393862623531303831613935633163373438363466633234353837666538306665
33356135333166636466326231326433643463633433326332623639663965356234313339313265
37623461373030356638346230303034616238643132663231333836333536306462643932333566
33646132396562633365333532643230653334343736376561626637303437616336373332386161
38383632643764626436633063613937666638316138363132393536643338353365346564303331
32306531613966373738333535326661386663353333323661343236396434393365626537386665
63323661366662346539633433346536616265396563306237393361663765376365663964353034
31306566666565376465616236626532643431613663323335633639393836383661303333383962
63643137646166643534656338346165303565333336303336383238666463346330366234376365
31303266636134663439613439343362323239623363666133393738613831326561336232613232
36643138323463646264363031643337366232383966613861383664323735616666663764373165
63366266616165303331383965633664666664383762373532386239303431346234616335653139
36336430656663623665383561383363366266656136383235386134616363613736323532313466
38376532326437346236616636663464653831303166373665346462636336323131373363333531
35653763343931333562343633636166663134633435666639343237396538636166346565643537
33386136393663616566396432623932383136343232353661323064306337333337393334313166
66326230616163643165663363313866653437323333313266376130356338616166653262623033
33306436323634363464663136626262313965303364386639366661363137373434316637303139
64316137666530336133336637653034643634343536386337323735353337623033303863393938
38343465396237613832363065663363623266383963396462626166363263643261323161376664
30653465353239386164333338623630346333326434376663373934306438316438663933653136
33626263343434656463353937303361623266366463316233636230633166343237306661643235
37303036383765643761373731303337613962393333383339663536613338323737363761373939
61643263663133623737306234646338633866653437313135393739663235376532356364613364
66623236303238373635613831393730363034306237616535383430316235323034623630333336
30623639366662636137316230306535356135666564323939353038326632666330376335346533
65626162303061656138396638393965616166363133326437366334646430656632663266383064
39373438623831663537396663383938303031343763316436306362643665313132373537663763
34636139376536626535663732316166323737333837306665353230363839343161333337343730
39613463313365343764313534626136363264383764306132613465336530316336623138663036
35613336323831336265396236363833373565303836343736303039656430363737366134303839
62633966393362663939303230316166653366666663323064333131353065323564
