$ANSIBLE_VAULT;1.1;AES256
63346236663337623261386562633331353633663435336362376261393563363166663635333164
6139333833343736386437356530326337393164316132640a323931636166333236373532356365
34386230306334353436636631636338616632383738653364333538313737336433303762323837
3664623631623637350a386530303661373734366264353036663937356561343338356162353737
62393630323237383336666163323530376632393664646164616237383437646130373163643166
30323964633231343730306461303731333336323133343861353432333663366139346266643663
32643862343736366631643736346566386166653439396331353431633139666130363765363466
30326338666363303837383162643866633838386434623264303331633738363430636338626166
37393133303065623563633933666636323332623730386538303236643036363133356335623463
64313836336435363231616431333034303139353130316461313630316130663533643034353636
36303830353761623065346563653130323131626663313164613733646362313433303130363332
61626433373537366534326333363735633362353939313132623534316137343965363038326566
66303939623561656331653534353935313231613165626436633038336536313761343934393530
34343839303031303565633061633834646336346366633736323563383831613238646530313935
66343232336233316435326334326161373765363663366264616364323834386666363930333066
33396465333531636635323733656532663636393365306461373232343232366534373138343139
38396361626264303039363261633261373262663434363266356465393133343837383438326634
32333661393965346236313334336464313965616566353631306661643534313633366561656464
65366463646664363131346165303031323834386537373965633030333332313836353265356161
34363932643632303162663861636331346531303436346362316162393437623461303537323337
34343733646363343462383239396136626662376239323734346536353330356164353631343639
62386431336336383533383439366236666436633036336232663061656539646264323934633338
35336163363565346461303934656363656162666231393537333461633666613132633766653861
31373832663938393232383039616438353238636563313064383261613433656165656637663533
31633263383564353065363736656465356665393335653130316461326465386130613432633834
31306632666236303637346436343163383365383165313234333432346461386638346336353635
30313233623039356436313438636362656231633330356236643063656437643064623938316130
66643339336562623464666235653261363236646535313764636131373236373663363964363832
36323038326538363735363933396665636163356338326166353433616565383463626435333965
36613031306630376438376261303635643161666466363236333866303762323538663061656439
66333931373439633464333439303235643864306564653262383365646236613234633364373161
61333365353537303466326537363133336366343236303635346261313234633131646632396634
31336434306533636166366636633139313663373465353962633562336262323732303536323936
36323362653564383834383034373833313735623634643933343339643532343231363831316437
63373230623166393336316365393739366165363163316233613434633334656137636433613937
64393262356364623238663434316462336331363939336431666432663830626334333230316639
63666366333061663332393363643863636231306136373563333962326563323561393165653238
36653566333637356633613634643630303763313863663863636132663462623636363661653762
35343639653130396563353533353065643765653831353661663733333662626662626433346333
65613137353131626332346133303861376135386130346364353437663465313839363966333463
34326532393462333734333565383465323638343337636536613363376161383161653765643338
32646665656564303161653765653732376233353730663036653430303162313764616637356134
61653561656337303664373133343161396662383463633338646538663138376437646630316163
30303836343730383432393630613061336462653731313465333636343362353539353035323064
37643138633439623039326132343765323332393939613263383437353633366438376261353739
63303438313235316431643639653130316330656661376330353433653030386565613865343665
66643565376633326264303834373837663761323934353537393333396332623532346262656133
36393430353338353737336135363732653466363831376438373064353366633230353034383061
62316261363262656331663566643036346135666632343136666636343565663431366266656236
36396133366664636530373136646134373965303235653733373538333231643430653730626132
33643365363062343933653732643732313262303532346131363132616264353063356433343535
37363539343266656231376133386361326339323535633666303735633461353162386232303932
32623061376434393130333836356431363863646161363236623164346235613462656563316436
33633239313663393466363266616366613537663337663164663463653363343733653665353138
35343164326564333734303431393636663665303263663766663565346530616533613962663766
33393239323564393432363664666530323939336531613230353162346234643938613039396234
37313264383266333231623331663735353734303561323732363033313863333136366162343737
65326434613366613836373233643164626635613534643866396666346566653065643538323235
66323866393165376439636232316666393263633238386139333331663963613033666531356563
36316632373937323765626632653962316637666436316139633730373239356439326362343737
38353233616236626331333933333163356266656334366333323466303139626435336666653838
31363964396533366566656166393538623838643961376231633437636235356464623631353836
63396366323764656237646431343166656137643639643864306163366233653038326161396230
38333963636537393066313836373063663432646433663232643366653038316162623634386363
63373066346634623736633131376132616663643363363036626137333132613837303034663734
62663563393533643662663730396266643833656339303163396363656635326564643563663763
36613133373666316364663866333730616435656664663737303132376435323064356430323761
65323930303037356639626632623934383139366362323131353864306165336366386338323965
65616562643734393462646338396562613237653535346433313465626532383538333965363936
30393737323365333331373862656437643038386536306636616338646438636135326363666132
35663764353339343733643338383631333565616432376632313762323264396237643663373461
31316632326637333338366437353062396532646262333763333131663139636136313236643338
34326136353265653166326662613066303938653465363538383335636232623530343066346634
31346135663032366138353131626235336363373962643833646230326535353164646439353737
62633839633832346534346665333838396339646265633465386135386339613566306434323933
63616636613262616333353638356536643134313030326461303534616463376365346463333761
39303365366161313262633633346134346165306232376433656234393631326336363162383466
62633464633265393565323064613764316463313639373466373336373537613662323230333666
35393832353638663664326465396463663034316662323639633066623534363637343432623930
35653639373638643764306161646337346231303439373763343564663536363865343637386665
65396636336436643530306634303139306531303364376662643465643432323266333765356538
31643161663130366237383935626538643766393262663065323733336363393561373234383935
62366235653431663563373132386366363435373766303931643361373138306139323731353532
38626265643463313537623238663138363834646139306138356266616331303331613461383863
37653765623731306431303037636165326561376231373161363139313761363332356664333565
34646634313636313135356639336131656431613562313263353532383333623534353633643437
62666536313963636461653231336539323737363365356233393162326562396233633739396163
64303832316532623062303731643964326130663064396633336639633631323333613763383430
32636364323339363230663232333263313161303834623430613135663738646332
