$ANSIBLE_VAULT;1.1;AES256
32616632653534393466323632653434653663623732656366306562616161616363613663366636
6338383265303766633565313765333266356535396565390a653862343335303066346533393534
31326335353731613835316438303638643237383362396132393734626637326531623233646265
6337666661323731380a343031626639393661383336636332386134316333306130663566376538
66313537616366643838383563373730353237373366356530386331663065393465396532343236
36636135363132353135653134323033653936383231643236343236333731363534316166373635
31663666626265346532333939363164353365346237306531663336656662663763663331393862
33363032363535366631333064633766326566653264363531376132643139633835303862653333
37393664363434363036326664636338376164656236666161643161393034333535626630306633
36333362613930663636393961613631343962323237306437313763373637646365353965363862
63653266376661646265313363333834336434363231616461363734373530316435353439313661
62386239323666386531333963333630393966633635383938353166633336343362353837633666
35356365356137306539643966663639363933656133633466666664646635363636613265346634
62623865363563343065323063623534623437306234373764643438633866626266323361663862
33613937646264376664633334613930336336343433313730346237626332316262653632653864
35336662363161363863613532643936633137363734323462653964633266353136663236316438
64323365353634633930313232663465356436316232396532316566656333626231323561336637
36643161363239663261353733313666633366323233653065316662633935626232643466356233
33353238366665313233383739653732363264316233663964316462616332303361643231633831
64653962373233386562663061373964653965396537616338656364323333663862613364623534
37383139326363366537363931383331653233643736346263386164623338616531316361666563
32623336633732666261336330373364613131303339306465656333316434303435326338323335
38326239396630666633333963396361303539396331666635663764386637323366663035356236
30663037396233383635376665646365383532633062666134363939376636633936646165643837
61353963656639303465623966306236663463306434656563323665643966343032376536303239
31666439643339323766666637323565316133343762623737383766393565363735393738666237
63653839356365366661333263633566623535323832366237303965363466353630363361386266
35346630633566633737646139383664656138633533333962643335366132393165636632396238
64633030616337383831363339636336636265386162366362363735636636613266623231323236
62313065633434326465326561333833336162306566616335323562663035656166343939306365
32666262383762356565343830626164363732353831633434323662333662323131306637666437
32363665303662643030386239303635366263356432366266613865373230316431613334616435
64643734366536636536393330643035626666623533313465663964363365353236326136363331
35373561376236653662363839353062633164633362326234393563396635643163333731336662
66353661613436633736323864373239333535323464313766316463306638373863656464613361
66383234343233383661633463353564663463303339323761306566633039366665323564393435
38356534616362326539383833383665383865666431366339373536633232653966343932636464
30636335633933663863323533663139366235373635303433363938356330663764386638343433
30393332653337356639303766373236653031643534626435613162333965376463303934313031
34323933306236666662393933616538306536313263623132326364356331333238626264643630
32346561633234383533393634363261396336383830616635343232396363356165383065353233
39613533383266303962343839323864666464643766313034646336316232643338376531613130
33396164623965663064323338336565656263313163643733663731613530393139323633616635
30323630326135663037303536336162636661326238313038316239623030646563363434303464
63353666623135633730656534323235613639633265333734363033343239376434346334333463
66396236363932383034313230353732353365393866386235383866326538613634383136646631
33646431396238393965323664323039646436303065326562313432363065313965666332636161
39323733626362353865336630346330636534356266366433343964666164613231393261303931
36346431363934303037636132633831363034343331383239323439663565613362663761663862
30363066626665386265636132643561373266663031643935656235323164656162313432366531
36343861383433643332653839346238353730666130313732646534313164623938653665643938
62623161393132653166386433646164393433626362356136363865663133363533666431393564
64353038623936316161646136326361623766326336303663646263386334663561373632386363
32366433353737323265396562303735393665306366346432383561663162386338623764373236
33323437336338353135313564393331613265326338396534656637626338623161323466643836
62656132613362396331626434626638666561633337616137666662373165383130363738656162
30636432343036653761626463373937363731616565333931303336316538626433396665346234
37653765353537346332646537663266316638333762313061386633346166666437346265366536
39663336316439313932666230396465353036323835366530303534643862313838376439353833
35313966613937633838386164643439653836623233336162663861616330313466323636666135
32323234633036303232643336353730376337323865383162653834373835306637383663323764
31396337666431373765303733366535393063633732633436303732356261376165623331353365
34383966303039346434616334356638363963373439653932303562353639326633646534663535
34646566623463393138623763643338626233623438386233353634643963313537623662653130
35376130383163373539363961646435643237633664643233363338366135666562383732363731
39343637373563353061643533663730653464386531336261363638643763373166356663633731
61353437636166343366316131333136643261636130363263626431646434613733366537663964
64636466326437353930303265653262353933353365653131613637623062346261326663386162
33326436396539636438623336326437323066353364383833626165306530623866663933383361
32316662313437643430623365336234663131613461333336333134323636653833356433353031
38633361626362326333343363333363623966303463623135313038343864346535663734383137
39653335393666343561343337323239383137323533343531633362663739366237393663616330
39663130336266346433363433663339623264643662643762616436663463316235316538376639
37386362643961303933616637303762336234333262313939316636663638356262616334313739
66323031363663363765643362663334383931646636646432383431366139653730353638626661
64353665623231626162393633636437663637633833313834353539643864636639333636363466
61363863396564613362353130313131383866663064306165633138326665373531386239373134
37306432366330313163343261613431326566323563353762343561383465326266643236323466
31336135373364383261663432636366666535396165373933626138646238323931356431376566
37303731386233366433636434663536386137393532363161373538336661663236653164326538
31346337653264303835323065343632306365633038333265343034376432623233396430363436
32376136613131656232323038383338326337343964333736626430323534636337373834303262
64336561636264366637366230633933323730633535383561383531323265393933623137313634
65616135663465393964613233303130343364333164333465383161343634666239333764306461
35633239373763636332386532333064626234666632613964346162646338353936393935343537
31613335336337373361383238643864333235646661353439646436303362393639376131333063
30313031616131333632383935326462376135646461393932363334386264663963313363333333
39626331626265313965333035333131373962636632613266653532613839383138663166323137
61656339613837646662353836333364383231373762363763363133663361373566
