$ANSIBLE_VAULT;1.1;AES256
31313561333539663537326138393237353434393036396533653433376466343039633335633037
6236633834303465383334356439393331656633636637310a663333326330393563353139343564
33376163313737333065373163303235303262383962393165646239636366626238303733366564
6432663961653139350a336235643634366665653038636137663332386236616431643933633966
34306436316332336638626338613430646133633166396439383662393132383431663363653832
37633566656530366538613739326565353631393366396437366466666638396665623430613233
35343633646562636439393432336334643431353430303364643232383534343835366432333932
65333535653133353566653431353363303930626136623934383036383137636532663365353961
62646231666136333364623433363230373663666139333230663765386531346562363964336362
31663465663130616437643438323164666333343563356563633462393664626232643135623934
34316262393161663036656631333930373037333464326562666662363839363965316530363161
65346535313639303632323534326264316464313938323066326166303530383137353333616165
35316438316166383530353735393533383437663438656661666335363161383131616365353838
65616538313439313464643431613137303635303463666632383134623132366232353733613766
39376637333866313733373363633735666139663936366633316333623066313832633361643231
31663662336132353236303939343237383763336239653931643231656563666631323734346163
31623538373535326336653165316663633234393965396330346332613532623339393430646432
36613935363663323835646663326361393834393738353639363132303834393964663039323962
63616336613930646533633637643262666231626662663235396262373861623435626632656265
31366131303937656237643837326263363633366233656662396463633431616236393439323233
62613230653538333334623964306437386232313363636137366361393131633665373263343366
33316638626666336635396538313636353731393338396330353261303132333736333830636630
36323532643962336135363262393834623533616362666439396563623435353566626430636664
65323139633438663736323263313836393338386134313864373334323066623965336562383239
37633838643564313263366531316130316336386662343063343461316166346236326632393136
66393430653337343663363431626337626561653733643238353338333734643334313665643938
37666434386133613462383330356333306463366434346136383666636230626164326331626266
64336465653266393336333739653366333364623163643637393437326566333337353561646635
66323932386533323130633664616432303431333433316163653739323233336133326565643839
63316238613264363133323531623638313838396566333865356530636463306436376233363061
65366365363336313062303764653064626161626263363464333239383133386434636132346536
37383731643333393834373735353066346463356432353835313337333934323066633565383932
36646463313563393638623638373062643339373032346131323130636130313364303536646366
61373134306266626561373837326331643031383532643238323336343431336565663661653439
31306464326666363262326330646331306263333466333432633163343765656336653338663333
36306464373932643230376636623532646461633231343337383931353131346334353366626132
37623236383732333939356561666564346439663761303266656338623731623162653037313036
34356539656162616239313633663132393761383733653536623633366436306461346163306335
36663236353136643965313866373962303362376531346366616130376161303630383731356632
30626161633637396362366463303963646263343937313238666636363564653234303835396265
30356337313930616633633839333165303665396432643063316136356564363037353066376164
63366133393030343161656166373261623233323732376539306264353938666238613664363266
32363938366331303633623565613335303435393466356434373437396262363862656532626138
61643431626561366433346331393131363163386130626633623963306531333461666630396334
39333363666636356131396635396535656136643437366331646436646637616538373462313364
33353936393838373738313533663261323231613335303564636161663236623431396230633764
65366536306164316138626236373937346663653463326361663632656466303261626631646234
63323733653765336236306438356536653236623738303365343061346338373066343536356631
35313536393166303264343063373337633461636330366564656263383931663133373533343562
39316332396362353233373361646235666638333131326438613137323031666233316534663739
39363535366338336433653666316636626530616532383363656463613330663336326437636539
61656338303962643530333931396232653739373866646236333631623266363731316566373938
64663065383034336539656364386332343331636461636562353262366263336662373265303733
30343935306262656435373731646435653461353839613662323062653262393335616463346434
64616636666434336135643331323730323232373731353830613931383738333665393339616530
61316264663565313562383465393136616333353030396232313662396633313765636664303665
36613933616562313730313737613432303237633761636139663736356633376561623832353338
63643166653861343462383731613934636535663931656431643665393064333130646532346334
61643230636231326432633162336234376361623337636237316165363666613031356332373535
64346233353265616664623765326637343262373231363036623233326361326533313130323733
34363432313339363663356235326437356433663037346331393333396162613936613166386230
31336637313465376161663562303238336264653761663534663331373666343236643737313839
31356436363963396364376130363965383161373837353766323430643738646566373865326433
39613661326131313431306338316366666234303265316163306562663434373135336239393966
64376431393830343937633034656635633231653964386161613139613938316331353333316163
61383962336661353933393835623662613930633764336432336535363964623532653338613262
35393466613266353034323830613739323961646337626463663032623132336534326634396338
36623238316161323161356139303731376161353966626132356438393331326531613365323036
31326262356262313763376264383062323361383535663365336665333864386538376335663932
61643961393766303738343934303031366438633934306636326662613537343063336337376337
64633662633539626536333030613534336535356465396663376561613438663939313133613433
65656532343439663939363838303262336235373937343261393466386666636630336465393735
65393361316139316536626430323830326239316461643837383532366539623566373732343330
33336261336531633431643461316638383437383065616631636436656533333064653564643035
33616136653034303665393264623765623439303865623237376430636364306632313138303664
64643135373337666139336637663562316665623062343034663062656561643338393666373461
61656564643030316633316262663465383639333461653662613831313266353139323736343838
62323565346461373634346437653763646461333838363238393836353965386462316563636136
65336531373930663337666539656437336366623566653038376431663165313738366463633536
37353835353530376234343237376539656538303938313162396265383438653833363435363865
66623063333739323865356461616130633962333832353665366635323661636264313132326131
32306235333730313437663637346239643362623537373561346163653135313131333238356264
39373938396261326461353830333262666363323430313863326539643766363830303231316539
66616139343761636530633766626561613664333239636533623166356534373434323833653233
66383735396162323266313831393934623438386138353838663861623632333765383365633266
37383033396134346338353466666564656438383832313139633332383230636531646262356465
30323661373930396266333038333735363964376236333066616533376332353030626438623832
63373233376539663961616535613162333831373162356266363363326162383638306435343733
65616663333661303832323431373339383262396166633839326465306134613639
