$ANSIBLE_VAULT;1.1;AES256
61643732643435663461356435333931396361333132653436323835363363653237313932393763
3439303466333430363431353463323332373436333763370a323065366164313634323261613531
37663264386431383666383936636436313066613635396338646239643739623535643565353563
3539643464343539380a363763306639666434383261313933333031386135613738616365613463
66346433623263636338386431396334336661633263336163313735656665643864363239366461
37393166393532393139653831613065396235373466346363306264353662616331626632396561
31353831623639363233633965336364633637333264356263306338613738396633643564323862
33363231393338613663323464663533396166396362353264666465386234663434666332643931
37313661626161383563313330643630396130356161643163346161373530313834616563613438
64356161353438663636346366316638386431376537393636313765343633343262626265346236
35613166313933666665386466613066666639333332646337663639666630616439353762633164
36306331636162363131346135636431396231313963623238666633303737623633366538616563
32363030623262333937333464653435313830326637653763613736323138653865393763393238
37613431643235613439353665633530336435323363336464366266616431346236626336373061
37396531326531313939386636346165626631393333323366353831366339313062643137306664
61363331313534323131623862336262653734366536353531326262633636623633653931643862
61623937386665633066623432323065383639396464353933663034643633316434343461396635
30333237383861633062363761636534613466373138643939343932303231626563363763613463
64613536366532373665663566323535356631386662353733313364333231656131653634356264
33303939613939303762316532663364396361306230616339373366326566326265646530343336
32626163626266666439333938396431633430643261393537663865353164633932383536666166
31313763303938643463653932366364323939313239303666366132396233393933343863333638
63396161653638346534356633383231306364336232343131373239393662396233376434333634
62336432623338366231633934626233303137633862623530346230306664663165393638376262
64376261396534626433383638396462393866633038663438353032323462613436343162306431
66333663613165626230643232303439313232313438613636333361653761653564363566336635
36356337613339666338616539396137323430646631303538363239663631643730356666343334
34373733653865643536333332613831303864623365383435613939336538343261333239303033
66363064373066316534663462643636326439376465663233326431636630396665623631626130
63633136663535336131383765383931653161656339636535333763643637666330643965383264
64353362333765343132336561323632313064333363656564653431633630383866393662376238
38323630663136353661306461323538663633303134653539313230373132323232626466656335
38396334323134366135313262643531613939366432633530323434396432376263306562663931
30356137333337636539336132373062356132323135613239613330366361306435336566356331
64326234366363323332653433343435393862623466323163623762336162376236656135666665
37313639376561336465396236643062643034336465313062323262623166633364386638363133
30623130656536653531336230336133383638663563393035623632383561393233656562623332
61313034653937333564643862346665316634306164653331666264316536396532663561653830
38333735666461356634356635393933373839626135343330396639616335306138313239373735
64373964626239316564613563636530326532663565336332396561623034303038353566313961
33323330383839643639386436313664303334393332353236343232386136636135663233326637
32346235386130393361363134316261646539346461623832396632363461643930353139346433
33303630323538646431643063316631396464636132613762306333646230653732333935633934
39366236366534613264383831336531633432613362646262386539363962383735656535333265
37643639313339663663616537613531663962656465623361633632326230393761343530383265
34393330343732353638323234386431383630303065623362643464663064643465623038623639
31333439636231643365373462326662663832373464663766376331336362376337363835393063
66333436323231376562303333373261353763323635336331393839636136643337306161643062
36353761316537396532653031343636623330623965363732656261383534373038333530336630
36376134616130643235326332383231663139353162363464393866333530306131643032303063
33643163633862346538326563663166653330383164366563333931386130323132393163373037
66393361396131353437373235393033363039613164653266643631323430613039313261666337
30343163623337643731653062303661633536323731376131336634613361323139343261353266
62656133336363663630336362366464376263363634363362333734626539303032643538303233
39386439313061336561363863373631393534616234336566306265643565613565636136323633
36633132316637616632376338303933343438383831636332393266666638316564316365386633
62323331373264633336663834656534366234663934643264333039653737623637353037616334
36393562643135356262383061383365623964333130356134636462313134323064323737323934
62356261306431616263356265323663353664303861303362313434613833646530353237613065
35303635633030383539303963366464633231613066656131333239326639623536303666336134
66303565643961366265616361623639666132623734643030643764643233323035376639313261
30303266623764313737306266303133386434333037323035333863386638373930396265653932
61323838326261376561653530653761373234643363306637346534356431373066336564636464
66373131326537363237663538343638626462306431333635363238373030656165653362393133
34643461666434313733636633653835396362356636383337346231333838326633333139626465
39333065373035393939356231623637303766326438363032666539346339626463333538613434
61336230643833383532363561383661613935396338383030303862353539373438326361333063
35306132373738363061323538333438653364663463303561316438656264303730386162646139
30363938663333373163356465653438363439343832316236623033666334316534303639653935
64616231396534316365393335343736643764356461343133323034376566373935366165396533
39353539313063666331303362303830656430376262313761383636366136636337666262633033
33376137393866316161623133303130656333653063623637633534653061393034653039663334
64356239323661353562366530353863346331316164326532653262356562336361396362663933
66616566306231643539346263623166626130633035393739363461636630366133323466333263
33653532373632613532656562346135396664616534306334613834666663313030373331643763
33626630393362343630303239396438633666336366313739356664623864353030373730366165
30633865633338653661383264326239666361393239393736623863653762363561316661333832
66333366656464613362346231383862643662323066326364656338636238373164626234353261
65663262316637666139313239356138643135396464613434353038333936643831636138636130
30623065633064363064633034353232316465623666383566323163613432653035346339613231
33616638333332376465656435363066643163643266333033366362623034623135366434633833
38313339323431623334613330633662316466353431656461343935363735613465333063646463
62366461396665316239363737653237396232383536643038363131356530393761613234393033
33633738653764666465643163333866663732316337333334666362336663316661653430633630
36396136653439363035386265383232396462643232396235626635646231343939303562373964
33353261386133323662363032633661373034343933623866326332316335626138623639383137
36643133393839386136666431363362663965366434373039396664636539623266376363663637
62626232616336666664633466363439613665346166323232373664656433656231643536393833
35653035323962373764323161363832303163663433396362313032636331616632
