$ANSIBLE_VAULT;1.1;AES256
64663036613062666431323763373662343261373932323930346230613666623061326237633363
3835353737313536636432313166646465386266383264300a363530356130343564373730623132
65313031656533396533353239613533626139343732306361643238643838383762366235643034
3264343864646536320a646532653464393234653466383562366162343038616430656633336362
64666232373932363036316361353134306366663830663065326566636165623966346263383834
63613335616339326162643964613737653466653366343636353963356535656361623135316161
39636139303139393930353838333239306161363362326338613231353839373031643637626331
36336331386463646238616561306637383362303930303430376636303038643531343237626265
63393463383135373964316138323933326132396432333338363662666465336665646666613661
63393463323263316438663538656165346466383463643439316162373131613666303137323663
63353066623163353336343438613138646436343339333032353532373464363738623133626437
35643065313664313735313464396132633732663234656236343436623832363533646562366533
37373632383332303838623164646565636361646362376636653236363166313031366365623661
33373666666434626439626163346535393337303835306634636365646632346462316633396634
34393337656639336137656232636138333061636565383065326336613464393465653062373436
36653864636461343566656531653637333331326131643664383564306333366233333364306461
34356365333063363065623335646164646430323236343234653566633961663733343132386635
35363432343237663332616264653430666433623066376331623661666537343434306466653333
39303333663837313734643635323235386133323164636661316263343865386565323863376436
61396430376534653663393361646531666134316130633665363462363561623437343865323333
37393839306663616230336131373262316166306637393130373237643136333938646335613331
30386632343030663631333735666363373735643639383631373439323666643364306164636334
32313038663337613231666631633661313432376633633131373136636230343835376637376563
65343937333331353034356631376137313163313431363731343565373933373666346138383936
33343666346432333665643865383232666634373965333434386238623864386462656563343631
32636163633934323737616438643636633435396633326562316261643863346338383364393338
64643039613933386339363637336338656136653334326464613065303865373134346333633937
63323066346331646334656264643430316466343033373230313032326332346264636638376134
37373431386464393039373861353661663463383539373036363836366365376465343863323034
66353435636636343538306433373966613234346361646231333931626164643730626664663063
36313932323138356434316463623132626665653134663563343830306639313733373262306262
37356337386632623836316135323365323064643264313436326662643065666438613763666364
62333831326333376335333136326136613134653539336665313334313339623235633133666236
35646338316635343439373061643339303634393261316630633962373035666330646664626132
32363038646231373063313261653535366463383466643033373362666631333935383732333262
62643638366634343534356338633731626465386562323330326266373230386430643138353738
35373866323035393063313033323330653065653638613930323632363035336362356436396536
38303634383334613066373332643833386136643132323834346431666532616136376364323562
32386436616462333436646339373737306431306366666366653732363337643466663464623865
36393461666361323238666136366564313862333134383434346630376562306261383438366331
38306334353235393930383933616332643065326233313736353336356433613365656163326332
31366531333333333262633262663138306430663231396436633335633566616135306434396366
33626132366134626236343363373364383266653732346666636131316166343236363766346366
35623631346563646565336431386335616632633562623436646135336231636637366261323233
32623039363366323038363639653766383037383862656332636434663661646539366663313963
34663464353961663463613037343037363461636332623733306563613936313237356336346237
34383932653138303531333861393532396139643364346133386263633034313765336233396638
35383437303932363830323234306164666165633265353265353336643634393561623339333062
31346261383830633136663464333634366531656338613935396234393439633065366166656239
35343030636633313739366439363465346134623632313136316462653466373530663538643932
37646637656364616437346165373563356462303534363932306235653930626239356565356234
33633138316163333936636337633637656331346465383962653836663331643864653035353366
39393236393465643538356337646161386130613164373234613533343238363464636464316438
64303763356533313738373935663135393030663733373932363834616636313338653334653136
30643963653466353665653038393237663266323064663833333064346366393532376261346236
30373332633833323634623435393962633334616133306362323263346364386535323834383862
63643035313966323339653832303239663163393362623062623066353266666163373462626538
61396266323466363863316130613031643665356238363565363030336235626566626530623031
38616434316437303734326338316337386332666664363232333730663036333537646239646364
64323535366462633830633862613337613738316163323561323361363638633535336366306662
37316236643562313764636638623932393861356638613963326130643732333034393666343961
36656434363966343937323764333239666439393136653663656164343433613439366664633362
61393238386438333966613730613435353939613539363933623832333935386432626137613564
39383963623565613861666362376537666235363237346665373637613039323635386530653764
34666534353736336664646361353238313564373933646666323162343265636436653338353239
32613662663664306362366438636635326662666330353462306338646234313164316561323965
66623938616633356639363130363532333562303964613532356332633564363431393165366162
38333137386139633763373532666434313633633565383533616239323239623164346362346563
62373233386365623664666366346231613761373333353335626366396534663932376261393865
35666565343138363064386664366366376631323638326533623833313463653838383266356435
37323733303739376333326163376565626432366338396466656665303565313630623431393433
66386161613966356666643635346236323965653537633562633939306137623832613734326637
63653737353264613066313138333335663431623038353562633031363139393261373834363165
35343339646666643436373734356565353933313731643832626566363131656130626363333136
32656236356666363262616265626531363863636138373161643434393362373364643133393234
61643362306234613833313538396236396336313765396130636436356332363365643531663664
34633336336138376136313832343036363134393237363539623232623363626662373030643165
62653737353039326663663165653562363837663234313633616235326566326365313363646634
66613365336436626237333966313063366661333032616537653030633363333331353761653331
39663633646161386130643561663738363934303363353336356661343637646233373163613231
31366437323031386636303339356534393866643532323933653834386364663238663136396135
37346534666535383739323863333830316339333438326634623866346534386634376534393963
64313432626336346561393265313963626461386636643363333239343038653934373563306632
61326632363165636436313937646631653134313631356464303364643234353464383030366438
62613231666238653362323730656236656237313538366533396136316466633735343663643537
65623139386534323963356664616531623363306336656531373363643937386630643234653336
39663537396664383136366134653838303539396339353135316661383161333730623964663838
39376363366439303465646335373734346434643137363666656130643736383662373634643232
65343664633834633863643330353132653366366664323539326666376439383333
