$ANSIBLE_VAULT;1.1;AES256
36363734363934366235626166353538333736666364346136333432636639646636643266656363
3038356330386237376366653265343839633164663862660a373364623365383864393765356637
62346166393839616336663830303062333965346230636636643838636637623663336633393566
6464616638333466360a336564666337343339303764306536306364663535383538346133623066
37623262363933626565386364383662363630393738666539663633633435343533636230636137
30633535343335376438313638343739343362303537613836616663346332306636373666396330
61353065306639356536636232383137373633386639613833653034663838343235373962656336
38363930343932643464613036343331643761323466343135656332663165386264393837313135
64643132326239633836666562333663666632633562376331393430323034626565363539356231
37363338663732356233333165393039623762316565333137313136376363613639343332653434
37646330303666363965326461333866343964343763353263633431336130643563373632343964
64623532313036333230313631326536636537356434656336633465373663653836613862633866
65623639333430646261666639623264613764306539653366666466303334313763383533356230
36353233663061366434316237653961366633386136323263386461663131633761623263326330
30373861356137393034383438373938363663633563373962376331373235363030383530613663
39373166356162613832373336666636613230306536626561663335346365666331653931333361
64623931616465343565313830333064316431346231353932343039613735393931373637323961
61653162336330616166383661383037363830346334333231356231363030386238303338653864
65633431323036623131346264363533363933616338623261636132346338623465313333663934
31663464633866633666323831363834623261306563613830323635336666303035313661333737
63306633373730373938613833306365333266663930646331336237316335396333323433353566
61613662383938636265353966353230376164633366633963336538336533343430376563356234
34336361356665643035363533306538646264343032333266663266376238353538636630393263
61396563623939363736616438333763663932633161653466656339363236643834353638666332
36346361656233333139303236633630353062363436386331336263346430303936613834353332
33303265643134343437346131663734356236303662393766323862336339633131356634303136
30613635333834313361343863363531396662653130366266353935626631343564376163663032
37343735323438616166366530616565643564353730366139366336356633386635643561356430
66626461306234373733633762313165313562376462366463336232626464333463343232353362
61363430613838663466616162613135613930616664393865303337653164333731303238366633
65373831643466653134393231386639613261313166326130616239326266376338326637616563
37646537343331393635613866303764333265333731313564353932643638373566303433656639
38666433633364626361653464343661313038356663636439393961353662633863633666303331
63313431353137353933313661396432366531333365653439666561303035623536323633616663
33383733313638356533643334363262363230666539343632653730663363633139373865663261
33386537303064346139396664323662646437333463396134393734346265626436666261323562
30666333613765353662363363363561633466623535346262663462656266343763303438623932
66643437356130346663346663633966353030376562323432626266323938313465643137306632
31383639623330343835383264323961666335313432346265616264343235643065316538643735
63623134663039356632343937633930326231363863336538303564383832663564306164373834
63623462646563653264666331343537643462666566323330666334356136363938353563353164
33346135313565633335396336363032643637616462666236343139326263623061333536393335
65373066633830343966323265373033313436666362626333613731306335643530636439626530
37363232306137356439313930623434313030303738626239356134346337633937323339386332
65353535653933636264396465393338386535383832646234306265353462316137326633323232
38366366386437346231346334643234316232366131343935666361336137663532386133393663
36323765396237303564303133393563393236323262333462383638353634623865343562653661
35623961623038663063323338306531613930306533323562656139303234646163346533396365
63663436393561396161396366386463663737633862643331316539323231613465633462333834
35333961306361646437643133646533343063613264323037303236646235363830663162656330
32393163643936643438613738383536346430663138613732303533666337306139646236643133
34653538343836366635376263316332356337366465326162363731316134616636656230326261
64306363366234323933613330633331643433653233316134633935336165666637363964383263
37633664656231326166353339666265333436323439663331623964313434353165363262386630
31373064313939376265356231396632326232356138623735353663626665343163393737383764
38383836336261323363393633306232643565623161623264383034333363336430653363656236
37323765333861646138633837633431343963663233643839333439643937643034303966356337
35303763646161383237353032666239376363353336323633373662366336636463313937356465
38613933393937396334626130326132376264633434653638353031366536366164616361356266
33643661653439393864616131396461633266623030333534336566323438396232343830623538
37336630363462663062333864333730623431356633303832663661373139383234636439656635
31336462313733663530633937376233373138363766633939393335626366636230396666336534
31643966346238626137393630323063366663623935633935333066306135343936363831666262
66663138336434323235666536386137393731383134383831643161373430373036353064363131
30393865663330616333333130396264376265356431306634383266396262356365333038313930
31393731373531353130363937386365333861656638376464666264343636633363396131306133
64346633373335326462396664373963386138356163333131323433353336613336653138303737
37363361643461306335336635386530323638396362633764623437623836383931383064653933
62643632346333636432623063666333626464623338356630376138623031383032613365623138
31303963613536313532356332376137633564356430346663393265333630636638306333623330
66643839316333363463646362353939323737363532636530303132326434663038636466326631
33346235376132656334396166333438643932646330353536373564623365393537646639633261
34353165396138303464656463373463333034616562346562656137373066633437666665376666
31633639656539393833393362393836656231303139663938616461363131373939623236626137
30353261653830306639393432666430373764653462663534626635363761396361373737633634
62353135663537646531323161386661363939386366383366656166613739633037393964643834
30313931636432613734303366343733666530666630623638346261306631316233366436353166
38396132623036383433653638626630363165353033643466363039643662643937393330373965
32336131313063323735336134626430373737316565303730323435636562373066373163353337
63653839303534633930376431393636666563636464663231316161623636346335383863623965
64633030663331326565373066373936303135366431656434653232396565326436323863633933
62653739633835613961626562333862303765373365613064643336356137396262356536656635
35636137356539353830616634353963326339343365613162386363393832393561306336343339
61613066303238393936333535313030323862636335343261633962393632633663386131616634
66336339343933633639313036613463663864656263643136336361616137303337656261336130
38303232623036336535343964303838653464653565636637336538343135633037336334656531
62643862626639626462353161353234666436343362383762333065623737353363353766646465
30663330366232376634663535363531633937626237323230613738666564643663346539373734
30356233363234326162626137663661666336336565336639373736316665613862
