$ANSIBLE_VAULT;1.1;AES256
35353037613931366336393634633030653838396363386462323164393464396537653136363931
3161356533656431373435353766376432366534626365610a306463396539366238626232633932
64393036363439613033313062373662663431663631316664363034613931306132313238313735
3539393831363966640a643837306662326565666132313562626639613938323334343139356338
31376439383032633937623932366537336465363639393862616634326463343435366139616438
37376537366163336234323563303366346134633037393239646334313338613237323439383431
62623038346330303037373333356465343836656533323130626337636364306534326261323334
33393431666233363766633261343361313538633961653038313433303733313632356264656636
34323763363133656165333430343737333064343831353331656338636664393565623165336562
64316531366134663234663030363333373436343138613834613766623438383833316137393733
61353866373330313464653335626234626332366435333163623766666262393130303635346363
66316566363734306330666230636431346262306636633936656131393231363364363033356136
36666266656337316661323831376436613639316663666135616637643936626433633232333262
36626231383061306163386430313136613565643239396136373637643865653562663535346138
61356263343331643662343539336638363631333134343465313064396163653933326534363163
66333261356164393137383962363761373961393062313334613135383732646263383763303766
65373263646139373566633131616566626330643139633637326430316335346161383432623538
38333563366236363732336336633232343732346530623864333934343566646434373333653864
61306130386166623962396130643333616132643637376663386266636438333366366665333064
62383963366133626237376466373739333837613363356133383664313731393339386433663333
35656534306162363766666538333730313030366363653364646562366530336539333038613739
34326536393337373861633339376263313461303461376632653933323930663761306237366435
33333534373230303239316337326631383364396635663831633539376534353365313761343366
37336663343535313364316238396236653239636661306263356134323066343537353834333733
37616566643534383465366331623465303837666638303961663761373430363232333533373666
32366436633333646666393735653530633263386330613661353363616431356630366637343235
35653866353632393764633033333466653462386666393762353830616461666364643036336263
31666463333439373866363330356433326236323633333535353635626237393664363133373035
36383332623763633364663637356130613135346239613136373235653761366636313437663064
34383238333663326262303138356364373766633735386435343133326431343235653738633163
32323034613139383636306261643065316632636164383563333836616263316130303762663135
36336336613561666638306133313665646338633436313062323262646336363939633262623939
64663737643939376636353565316563653662663961303662323738303434646132666462343966
65343630356331336566313538356533653862326234353263373535613338316638343837616433
30616533366263613137636433393766613836616632613932336661303533663334663139386665
39306665363431623836383162623039663932373762383763356561666365326333633462353735
32623935326335326266353161616332636363393136666461653232303336633938636165383838
39376437303432616630393439336364663562396465393664303838346237656161613738323939
64326634353766393533366632313062343630643962626637303939353465306638353663623863
31613539613738303064343430383764653361663966316533666530366438653732666639656334
31663634653633386635313466663539336464313839643837353230633232356261306430373766
37633530623236623930646231393731323863383632343065623934316337353539626161333165
36623262323766333838633436663866333737626532626639643336383566393163663234613034
35303563366230626233623633393039633038653930666666316435383462653331303761353963
37373936326266313835386637373232353235356433643364346130306230333262303663353362
65316132363836643835636132353436366232333363306465363731376439333338633834613030
36616365386166643862626432306633366435326533333437663739383437643865323362653534
32343937353331633632366234316265383339303937336365336463323937653561353731616339
61623664333838386637323163653232356137386232316665346165336230366237303866303130
31633962613535643532306164623935323766333266316561313965363661663830313731366465
38626135316634653566346330366234633439643533323562336465663863353037333063333333
35636435363833316332663036396332393364363735623038616437616134323735626437343734
33653639616635346134366438626437396432656263663438663031396534313266323936333539
39323632313632333039326132363434626430643231303032343566653031386261666362306663
30383331643139623262613662363938626630313539616439646264383361613335326135316639
62316632323163626462646564623761613737386433656262663061333363633433303732376338
66396130376335363732303632343131356130363836373064333833313062333237393961356365
62353931356335633862313238373864356132393164366439376637393035643939386537363132
33366139396234633466656231613662316365396139336262663635633636313232356238363361
61663931323335396461343030613064346562653531373161353931633539663434353638643232
36646132333231313163353866356638656439396164623331353566356434373736633763303261
34326139336234396532396538666637643134643438656531623635396336363331653064363435
33343231303935626563323639383930616162313864633861643330333130353935396235383739
33363430643534653866306664323833613630313631386665386161663031306338393139336636
62653739626166633061386635393361633536363564363634366237383434383334666461623166
34656264646563326266313633646263366166323562643730356536303465393862396565366130
38316535626631613535366132653636663465643839323031646436316430393836633637323631
66303934623235613232346431333132653362376263393435373432663966373161353363383563
62626662646266383735616666616562646533376562636464373763386466313236363965306234
63666131323837646661343338346637626531383938653864366662393336383639373638633839
65633933333066333333313833313537653233613663343331393266353363613162633162613833
32373235653637373865333139323037623361623562393436363633646361656231643639373762
36346435383763383130346433376133326163396566663831643635353962343938393634306363
66336437366666323130643835376463316464643331333262316435343935656566666637643538
37616134633966396633343137313335343437386236333637646163396139666466333465393062
37343732313664623164336334356165633435643731653930653834663736633231323533356538
31353765393934653864316531633166633034623432376238626266346538363237643163316434
37633231383633653737303161653937373462653039646562393437363865613762653030386435
62633965663834663039666630303566386435393265623735386464623339376164353561356462
30326635386465363065653031363533373837633364393566326664633136336363303436306665
36376336626238343465613565343962613136663034353932663630363239323664653166626136
65653734623338613235656334313132363936663666343766373732653133363331393531643764
62303933623136623165303163623834646130396334326432636534336466306234613833663065
37343563653361366364396136643235323230353336393663353030373561343764353936666633
32313066666234363334316562633166393163643538306461326264336134393738376563353530
31346161366230613037346630623266386466656636623231376264653164613364363534306432
37613466353637643337666533336234623033316263323161356336626265393934313262613437
34376366636439663464653138636133383434663461643631656235323632396135653163653537
32323266656536376131323936343663666365326461333663633965343731623638
