$ANSIBLE_VAULT;1.1;AES256
35613231336131383139653530386564373931313837343837623264396332393737373834376539
3831326332623439343762623361316561623332396535340a663238373030333839333331316534
65613966343232333132393063316131393534613131313038616663636434656361333734353036
3664303736343062630a333437383132626239626561373062616130666661656136633838643864
36316464343965616264323566623635656463323934393465343864343132376339373432363532
64356632656561393362636330656630353865623065396431346462613566343431336331653861
30306466376666616437303865343463303337653934393636353166313065316631653437356336
36616131366539383635306432643665633238326233626236323133333936383238336632313630
34306436396632613861333737323530396561333634333331623731633434383735316530656637
62323535303366316264323238313063313863316430306239306266383639646564663263323563
66326163663235386266383133346339613436626565623731613937313339323034323464313938
32383462323336353662353761376234303361356261666664313238383763386134376434343262
37613338333764623264393537643166663939306235633734326439666465373330633864623833
32313933313463636435363462326361386533326434643237626565363262303936386662323163
64326130386535646366303664353334396661616536343562623761666237393533383561393137
36363766356436333938343965383461343230353163616633393636383939653566306464346231
38366461663339393136363137383466386334323862393766653363366666333862333164623363
66626466303732323564613339326331666138316339393161373731353861633265646461363765
32633962663165353230306463333131666365633738353533666339346531346339373661393665
62663463616363633765366564643239323235643430353266336532313234393533316233396431
35653738363263396239643636373963666362396537616461623935613663316231643531316663
30333734313165383165366635623166653764313338653438336131353434663234373966356435
37363631336238356537386231663864353063663739323264646430326665656534303437663333
32653362393438636131313232346363386563333831653631323134643537393534626339663938
62373631313336373633373333373436376164623633643938353732313832613538306564393561
33613433373538313737643936343866353464643634666230313932353630656230356337316265
30636165316661373137376439643032356262366563616161613639376136306632326236303461
38656334363563663832666532336161666537663735633332313236306539636536323464386331
61366533633339666637316438653839656536653765323439633236666634336234373231326637
65323039333432363065303634613132376333383534613066343638333732343764383537336636
33333833656566616363626131386463333431623234383235663661333836353562656663306432
39653031663030656166393936363664653166346532363366666539396663633038323430316365
66393965633034643632616437383333353239383335616439396234316539636466353236356565
36336263653364633430303836396531656235396438666139353261633930363535306532326562
30366432623031376132666563393139616164376663363939666334623833623565646130326439
65326661323331366365383061323461666361363563313364643438393434346436636333623230
63346332343437306365623535656436333536616132666530346166306461316461353737343438
31643838303236326531316533656632313530613161303532636666313365643763653331323135
30623731356364366431616531373665393134383765653666346163653166323061376661323937
66393762343838663937366463336633316331633037633735353734636632623936636635363263
34326432376534616466643566646666373236373464656333666632336337636464393166353438
37643764623230316535643664306463346665336432313933623637376666386361313066376663
37393630393936643836653832653162373066626161393430393964336431663535616230663639
61653933633262613437336162323462646662643734333831383762393737313865316563333333
33313330323134626136353038333934663235333432633835386636303237663663616534343138
32323863616538313638353034393235373466613262363334356235346333633664643234366232
38393335636466656138633234646530626338303736303132626239393464626632343166323734
39303934636332346235313531613435616261346138623363356135613636373533663836653934
37353464386631663565343138336635356366376435353239393139343539643239343833303863
66326163643238336336313363393037323464626630333662656232623531343336616530333633
63613061353463656634393634393938383433303931333363643237316366383133663131623066
31316137383232366136623166653939636565626662633564656166636263356435666534313234
39653536653238666635333462326565623636313435636462373633636165373236366439323861
34643038323632373230343837376235366166356536396537633031373331636634643036383838
66666237376666353734666332626465623366666562376237393633333035383332383533336138
32623665353030653166643135653939393636303461636364356534663762373137386164653934
32373162396439653962623834373262383063393866316238626439383932316530353064653736
61626338343662666264316665303763636663353938336434373164393830376461656166613832
63303631306237653130663066303365383365393063633334653561383136336332623162643133
65613964353835656133616663633763376538303361383737336233643030656336623761663233
62633161633337646232333332303163666139396538643033656331323762656330636363316461
30666636626532316338343138333036306630346236373733653963383931613934613935323566
38346366303738363165316136303038663661396365363962373635356561383137663165646661
36306430643130646533346336303061303137363966333136343837336266323663363438383231
62626538626163333766353234633862373832393539333962366331393065356461366332653738
66336435656132393435656637383538356462653031326263646239386663643462643166646562
31636261306663383162316132646330316364633361303334626132303437633636373532386361
37646462646135343530623939363738333765326434656561386433303032376336653138363163
34363666613261653966333031316537383634613339383439666466393531313961366334626466
34386530613331383966383037393330373462626439666439363439656266396133316236656533
39343635393331386637306239306134333664613032393337336662363334396637346635306661
65653762393530396166343536343336656437303665626336353861366635393962373933633531
63343733663664363065653937346330353164373739643038613530326461316364306265326132
31616438326239356166663864353934303630663966303837346333643830636537366561333537
36613839313966353638346463373966626164363938316332383562386563633039383139366538
33666261633063376565353937333665633633303330643861373531643135316265353866346632
64623236383362353934393162396432643938646565313563363438383865346130633932383931
36366663303938633166306635633433386162623162306565336331656166356630326335613336
38393064393939653430643238366662633561623961386537336563663833326636643536306636
61613534356432373164663538663235333332303231303233313965623833613736366631393662
39386663336161316139623034613264343561383238373233373532363364656231383439303766
38313762636535623064326561626462623638633233343538356166303436636337646266636634
37643034383232643934636636393161626662333766353765663764313563613161356631663933
61363166383732303637343861346166626666613166316639366265373731663830373536356466
37613930363062343266353563656433373337633162666631303565666665623633366561306365
31313234656166613531643038613461313738326261323136353034323763646363363739346134
63343834656663326664376230323030653932396338656636313065303530363832643036383839
32386435396131336135616436343435653331313331633930626635316235653136373337326236
64383365643030376564373436663363393765326238353437653935653661343136
