$ANSIBLE_VAULT;1.1;AES256
61633464373363313836306339623635623137313163343138666261306466316164653966643539
3634336238366139626264623464646639383261643663660a613230653065303935373538333839
35363432326338343061333362653032343463336532356564323361666561396637393163643961
3862383830643663660a643731363766623232316633333162333839373334306239383935306230
66373661373763643536353862336430343036303835376137353936343038333533633830343232
34626339316361663036366239323439656437633831346339356639383765396331386234306236
32336539333361353761383537396665346134353432633763343565343062623531633733653965
63363234316636393334373065643863333163663338316334323664633964663534663336663439
36373064363837643961326663303964373532653561656562363765653839633331343434353866
65353364653564373931396663393134653839386364346133303063373730366133366363366437
61373362613934663233343735623131633533363838653866343235663136623937323938373834
32656337303864633334343762303033666434376666336432343136366666623066353535373265
65633261346262623830653261663732663066306236373236646133323763366464393661616265
31323337666364313233663832336165386334333837636462626437313236656662356164333161
32313165666165666161313932353963303133363034313233363533643533303333626237373166
39383938326137353339313962636662336666336362343534366630376139343765343564366433
32326235653439363932326235333738623035383866323236623765653533613032373462656339
32653333613832363938353136616431656536663739633465613833383839363432623733343262
34373635366239386534653832393138326535323239303761333663343439373564653131646431
38643535656336336365643538363665383662373031636532653661636136323837333234353335
66373632363765323062353530626434346338623564366537646663663832353561383331616637
66306163333336616462353530373164373131333665333031666164633765323239386533303132
38313166646435323236316530643932343865316438346334323031623639633437633636656533
64656637616463393063626332646335323132653033343936623266333434386163613566343430
35663761646238363230383566306232353836616366366532393935663265636430366163303264
65623737633935326165306132393735393936366332353065666239653961663132613235326635
65616135623730616231643336663838653062653934396439323033366662393963383135383132
35366531313232643061636333323864376333363863363335343263623835633862623463333336
34316661343234613837306266346138393732616134353437373064633732623637303235386532
65633466616435623364653836333464363764343736366138653266623539613433656166373634
62366334306436643364323133383730323832636531323435326134663661663139333161383434
30396630323139663663333762653565363230666564666437666432343834356562623239336531
63323265623239363630613032323431613137353330656566663863333136666535653237353035
34663335396163326639663463366466663266653461623038386665616564396461663261353234
65633362643931323835333633343961333636376362396336313763633031323966656234363662
63323036353562636432646437643738336136353833346535303865633332386335396532313935
64373931333962653164326361633835343237383365626561366166383033386564343966633737
65383130643066616334613866353433373866623466313361613739353139663762623934353831
35626235333535613030633866383135326339323963393833613762366632643263333864636262
31663732613233303862633161363163303065343534333735623464373138326531346462313266
39303231383964323837653263303865623832363538663837333062613836613031656464636566
39393030356664623337306437393331303633366235303737656264636261373964353661393839
34313338666431343134336539303464666466326331626538346434383731323733346662616565
33646336323138323364626661356665366661396438386362613034373931623131323838616464
35396539633332373732366539646338656335643633636565373938356363313238616236316531
36343662643438656138356333666633363866633962363435326131316366636139616461323130
39623162616162636534356531323066623265343662353136386136623338636364326639636333
33303434353063376530336166323436643330646234623764303031373334313737393764633733
35373136393532633031343233656565663236316163616461663439326331626630386133636434
37353966653463633362653962656630316633333336613364333066623035646632393038663138
38313637666264613965626363303263393233666137653737613938343866646233303835626466
64356339646564303334633530663261376132666337383662623736353866373665613431613665
65393234373432336237346165663261646433376630316639326234373834633530666663383839
65363738623839666434623033653533656330363064366238393938376462333734383161396133
34626638306266396335616464633332313836303137376335363630343735653638343339366338
36343431306463346339613031613437333133623161376135623966306563616464326439396439
36346262363637633461616665366163613335373531653631663465313832313730346265636564
65613431333431663634613961353731313764366232653365656132353236626531626661633465
36353635316561643638363566653734333234366461373330613336303335356135303639323536
36623338333138636165633239383064313335373564353861643462333631633366333431303538
38663361326238623935613335643866636562346365303663623831323730396330306438633666
31623436616237353930656335613162613164343034393133636532396163396231633638353631
63306638373037623366373866666236303331613431626462373261363737636264333333313238
63333132333539393065333038343166356139393337316364313034366533653064616563353164
36363833383865643639623139663037313066356135623633316365383965386337393735313936
30646639336231623135323466313835316132396534656133356532623765633636356430616232
63363361306137383266616164653866363938636334383136386531303532366161656338346331
33646164333866396566613737316366613932336233396137663138313533633538356437623161
36343365636363366437386163303837363938386164623730303637333161363937313935346532
38323239643733333231303538363266303538316162373831666131636431303736316432393137
39303766393961653235313539663038383432333561636537303030613032313339646563373463
32393632343639626238633137386132373035623666656230353730353536323964643135323566
31303830303665653565343266373730396131666230633231666139356337353161643336363836
35353431303261316539353163366333373130613139303033376261356363303934623537633935
32653831303863303262363833343834623133663364663261393339373263616636653261643430
64333865653937613233386363643339303231303332613132363563363562303165316432623930
32656166386632396332353866623066616436386639626264373330653361373564343061303237
34316235333861333934623161366161326562613463383234653533323030303534643033353431
38373935363063343335646634643730313936363063313636633337343534323539383138376134
35626434666130366633303662643935303061343534396336373964393265323931346461633335
64343336643537303264373261626538663630323934653433316664613032356261393035613034
63653064643432373266663266346533356430363037626161383666366331306332656434653064
32363339333366623963653532623064383536616561323065393931303263626538663565356439
37623066623230633762613665643738383166303239363930346265313363616462303434643862
61393739373536373561643463346434613563303838396638616362366134396262613965323165
35626137333833623164623561663636326639636438613962663464363031653239653638656334
34353737323162386531636135366536316665313065366534333165356666393833376365373262
64346131336662303334366231393335653761353337383762336232363835356632306138353964
61333039646534336264333463376466366364383634633233383938343731613163
