$ANSIBLE_VAULT;1.1;AES256
38663063303331616637386334376231333035363764383633633738343330333634663930326637
3931356161653934356331613634383632343235333135300a633366656132313738653930336434
30356232376437336166326134303864386566326138316562376235383336363962663639636135
6538353130383266340a663265613438633632653630396230663038343736623834316332643533
62626131353266323738653665343837323036333534353331363037313731396133373733363264
33666535633137653762313966326437623831386265653233386365656263613332303732386336
62636163633134343139333539353436333962333062643564653730393564366135376162393838
61363530633664363237373439613436313965613763633734643364323233376334303338343339
66306532613765373533393737363261326336333133373635303739643966343137396665663137
38326439613761663366313736393739363164393935366330376664666163613430363062373064
65353935643931373930323737623836363766316330376430663134333765613561653632623363
34636430356338653032626136343164386166356464333963313331303466396332663439396331
65373730663235396339666264343266633332333235393264333061323230383561323333373637
32346133663630323335303665393236623631363030376466633133363436333535653338306437
66393730636533666165653033663131663534646265306561343036323231333531343733643932
65336462303735303630306537306539363935396632333166333937353531623331343334376433
66656138346334646338343164616235616365323935646335326236663234303138643763656137
36303039366636323135313831633065663631393861383138396535326136343639386361333162
34366162346533666530633964373535393934313032333866363934633864393832373332383832
34653532323434643933626631383461303631613465666535616263376534393033643038373735
38376239623333336661636462326366636532373337613330316638376663383265376234353438
30323130636239663732313239663930333731363538343038393532363330626336353364633966
30353434656634613333636365613039643263303832626239663166376161333339396363663862
39366431646633373165663835663536353139323262616261393566363462346330323531626636
30666265313533306662366130366634366462666433336463346432396331616634653930343337
62363730333565643531636563346166643838613538313131396564613132343736383566643264
61626639383133393862386230613236653161613663376166663533383930653165353562313861
63373338336230613362646333373439366664336436383937366234316237353731393731373038
37353437633933616239383464316532373534616433356663626633323665623866343836336231
62663639313763633736366461356536626138383162666431306437646663613738313632666533
34643938326261393133303539613937633366313736373338643535346632653366613030626266
31393139353138616134633438363537333833616533333430363561366531323762643830613862
32316561303430333330393439373832633530636163373565396536303637646462663033343234
32633836323834626334653766666163343231353838346533663936363564626230643466613439
34336564326232356132393732343831386535353532333734326362663335346335383561666331
61343462646234363737346637633830363665376634363366353830343663646435623832306662
39303832646534386334363164653637643133383830633561333363656466343030386337656165
61386464623335656534393464383962313662343539313736613862666334663266626135623635
30373536336635303537343663366563636365353663363134666136343464366364353335643666
66346534326539313838646665646334643233343334383865353337653265663336383532313862
36643835633264303530343735363139363264336463313036343238623961373935396232636562
61653636313331356134653661653239613932353635393838303836653437363765326561393163
39303532326666376263373330393362346134663033373431373330613362323132616336616438
66393039393036383338646232373262633837386233316464383034643063343732333762323330
35373730616133326132316531626461386563366639633131333862316162336666643238663961
32303537373337623465393734383137303665633830353631646661633532336236666231643734
62393064393332393963313033323131643838386432623962363564646461656161386462303837
63623831636334343134373139656232313165336662303062626662623263383966346465626462
35626533383331653230343533633231306335303464666637613538653363343935643032626532
30333537333766316633316233646666393733623730666366373238373938626330353464326362
63616365366335613634373437363361333730633433323664353538663366343433333132626139
63626362663835373833396165366136643231653238643161393832343034636139623432623365
35393463313465393066343530666563316336643436333632333964383631623164313266323434
62353237366338303838313261303933363039663862323963393735626234313136343631626162
30376338333263613438373664663361333035363066346665356331636633313331643338613339
66633866393136326232643266633363353936306464383232353035376530633137313632323537
34343730646165633936633833373034323364663430396235303535366162613166616138666531
31656162643362623463343564626337306334303666666130653537313162393766666164336637
66666564393963306164313063663731623632626636626361636634343438373132326132363333
31613730623765393735613134653333326238386334633266633334663034323939663265356164
31313763656565353562343562643131323533636236613835623133316332393039653530333161
61343766326665616162613962356561353262366538383666336564616261363433643130303565
30366661363938306663646334663164386238366636306536646132323334646537613238353661
35313339653664373738366432373965643362323731626438386638343662383831313261366265
31663239656364323161393230386630353062646634313566623763393635333032376466306566
66326662333936643932306439323830633037326334393639323265633936393532363064323034
34623662643563313062376665393266346461663838353736306638383362313132356537353934
32386435313830623266363932386432623239663939343461643337623736343731646535336232
62653161383663643331623137346361356362626539343638393431663933306334663066393933
62346134376163326639363666343261323061326361376464336563373038303763666634636534
37323564663762353666353836636335383539313563636366626535363662623663356538333839
32303731386637653939326663643431663738353564373036663538396462383563653431343836
62646235393064623337326263326365666163343137343535666634656531663365663361623335
34383935666434653764303165306134316632666233626263386166383666656234396331643331
34363064386133656635663464666361393162383131633337396435373937356633386363313366
62643636616631316330333937393233653564623135666230663731643964663237653334323333
38393934316361663066656432343539623266633535653333633762633237333361623639633462
61633030373165306233303537303333653362336534313461323037373539616363643439323936
35626433393365626539303034363263336230376266303765306130326666623835653633363866
66316263323861613030633732353033613135353761313539366261353964386161393962303132
31313634396435633034356135336535313062343233356336333735396138633064373939333264
35393762666363633738646236663134633664643466306439613334376231363562336262613165
30343132313738363236326464643530323263303262616431373631373630653562346139343261
30653464643932623735636630316431373064343666303234343038633661663633373832646163
35326636353933636339376334613830336330383462643539356339666465333633643339353335
31633631306139663436383761633964376534336334613738373936316564643837373337333038
33323666306162353962396266613336393763613836356362343138353036343332376564343736
30616436646231623838616366313338323238353862336233336233396566373937653634663832
66363564316439343764633765333664653936616236366438656433396637386364
