$ANSIBLE_VAULT;1.1;AES256
62656637303837643431353633366335353163643732323733646461636431303266363039383930
3763623931666537623832323661613066366139616132320a356337343364636231396262646636
35613864316132643064336331616130303364333961343133663138666263303339623436333536
3837333265343164380a353332633764643537396263653234353166643239316633663531393162
62316537656561393635373433646133386232343764646335633232633164303637663137393034
64633338663638393135643066636634646265323635303330646439666261623665656530613063
36313934666431356135316662343937613763363266343465623937663035393730303833613832
66303435316665303962333861323432366433393861383332616130376533633034653739383264
30636666663931623865656436326261303433613933346235346366333634653463353465353266
38346234303839636563343437313235343435373338336266373536316635336161333065366234
34386265626163643538383539386433386463363865613432323534313933346139376262386231
35383535643232303332303764666332616262363332356666646533313863336338396432386634
31623335626263303330323933393531313265383966306330303538366131353731356533316363
65353735306433333533643565323236646334656461343462666461323535383732366330643265
34643836363632656237373337366631336465343139323864663938643132363966373930633838
66313434373838313834643463313761623132323438323532613335636462323361613761393330
63363662356337363133386136313162303063383963613032303664616563633436373133613961
30633963656166336364626632316432316636366436363431336364613739323064313463383263
37396262323461663839663734333039643830623261303965363835323363373439336264646433
65663964636431316435633030366332346638313232383535346336356266376130643331323635
62396635613931633938333439626164666565353439356334356566666432636638636332313631
65666432646531383430376631303337646639393433313536653137363539363065366164316566
31373739356630323535633531353431313737616630343730383932386262633362636439636463
33356638656364623132623433393363393631386238663365613361313837613734316230626161
39346561666336356463343562396461613934306136666331326661633531656231373665616535
33613830653836643661633538373266303531336538626335633230633731373734313965613361
36323566633736336466393630323830343533356131326233363633326533646134623438633464
32333132646363623565626337613662356363653364626239363936643463353339643638353633
30643263363230343231316365636538646361336235353065623739366661633761336132366164
62613165626262663861373032646130303434633432303632376433663733316236643534313639
63656361343739653530396366366162313362363730613932373534616534313664323966373730
63623965386166656463616166386666333438663134383064653038643835666234386165646432
32666334363965343431383463613566663863386235623434656662366437633238303638313864
31613762356336346635613433393163393563333866633734633463306638393731383464656231
64336364643165646636613534343766643434653931316437353539313661656533393961336431
32393631633538663861356232343265616262393061353264636131613962663237383439663236
34646636326137613737646330333739353566316532373563303732363937373962393836373333
32356538373166663462393235656436373062333266636139346361663864636130636331323366
33633465363365613365616437336134373866383136616133616262363936383138353839353131
64316233356432656463343432633763363163393430356131316531396138616631353730616463
61346162373966633035353839303765366538663365363463333764313537653563363964626335
31623031303838646434646539623862656432663836396435306164333339646135366165393230
31306666633461373762656339636438316135666364376635316162303161383930393032633865
61333363623038376436313165303231363465646634646230373361613835613837316139316162
66393033646164333462323965663564396530616261383739306431383963333332343831303434
33336536306239356463373062333139633034326336333066343839363531343762346232396232
32633864626234396464333130366533316636353965613231633232656633353761386339393561
39313138636661336463313938333132373363303438386134663133373036363536626436383863
36306163303838343162353438636563633062613865346562393239396139336564373139386536
36336236646464666630656533323937343864366132366461376538643136393532623538393762
31383533313830336633653461613839643563363364613537343863613364383261316435356661
32666636363139376361633831386563643865386661353066343938616539356663633635303537
30333562376636613965373963393865316166656536383237333165353636656662316162613733
30386162373266653266643365343966316365363233323565633137363235656339663535656338
30613863376330396634653862623035393535353037356330343662653764653234643332376131
65373765653032306331663762376261613364653030626438653839386264623132666266303065
65373563393263353438373661373036363862323330646164656535323336393162653633393231
31333365633930346533303366373336623139396335343263383834313834343261306466333866
66396564313164376165386666623438386535633736383665636464643462346635306466363365
65653838393265366236643965366363386533366638626336346630633964343938306163613833
64666430646564666466313134616537333464313337633736313239363836643839656432303664
61343762653538633639633838323533363332326434646266393335376335333936326466336339
36613935366437343538326637323064623834396439326166346238386531383661383266396265
30653563386139303135396364336136393762613162316362316632393035633330633239363930
66613662353764653361383539643039306137323936613934376364373531343663306635613664
62336230623436626535366166373935643533366332643261356462396235643330393231323137
35353966366537333830636563663963346535343562353461336263636330353166333364636265
32376239663462636662323436343030633532326435616233626134616336613162363239306633
61303838316439373231306331313637346630363639633161623265333566643536633732316233
66373935353161376334306336313435616465356539323463383937656338336435343530366630
36626134343766343564383338616535376633306530366439343166393136613931363532393765
39346263633835383435613233383630646362353533353630643539373161343837386635353736
64636465303539303434353430623630336331363833346233643161613833393237313036356262
65633361323562306238333466636533386663303664363336353663653931633532333865346362
61613134303766353465626632353163646564313738363465356466653138366535313462333434
65373331393238366432386434373761643633383433613562393435336638616138643664343233
32343630363464633736356632393862383039663939386232376333303434633038323131623537
62313637363565373965306236323835346330353638363431303039353563626434316236646432
36366332396630303961316339326231333261363239613137613465343437666563323536633164
66623065316533633233336264306432323166373865666234663235626138383133343366336566
65663764383131383661666434656531376633373334353631356533396166346662383537386663
34393536393664333035336664386332633330393431663166653836356563376432616135383466
38373831323663613439303937373030333062656437323334373837393539623331656334636334
39333362373163393965306661343238386236373139383061313138323564653265343137636538
38343363363661663164613465383236396661346339653766616261366137336466663064323730
66366266303932313836373839303631353936333338616334343636626531646161663362666336
64626261346465656233333831663762313932333539613463373531376162306562666461633238
33623365373466353433343332626166303939633038346237666630373662386635376632616636
30323638376562316133656533656438653235346530333336393234633864643162
