$ANSIBLE_VAULT;1.1;AES256
32623633303535363138396631333736363935373434383864316631636338306637303039616432
6661393336643933383930373465663562643730316165370a626563613061366131373462353566
32653930396664376138623533396136633834303431393364343938303464343265383061366531
3262313238356138300a326532353065653564653632623862313539613739366166393233623961
39346662336463393538323635653661653561623534353531623335306565326434626561633962
39613966363937666466663337623133613063643766303563623866333365376233656534336365
36333264383834353930356332306438653535333536613161386235616463353363393039373766
33333636643462643261323062643963656336666233323339336339383034363839366238656564
31336366656431646164636661653330303762323434623831633735636466343434366166313866
37336566363362343931313361383263626336346164313639353365623436396232636332636139
38313933633839303030666665333266323836376466363863396464323532306235306437613561
61623263623862383931323234393934383337303636396463363435356533633266366633363532
38373632373463643536663962353932393766343161346462393337356565366162393333373139
65653734313037643566303830323163313865646366303865626564323735356531313061306130
38363836363335353263336331306461623133653537373837353063373366623234303936656234
36303835333735316662353530636666656533316534326165623130343837353563626532666330
38313662643135376664356236323639643137656235656261393535336562666231363865316463
62363463626231323735643131303962353763373131336338346434616136623930313864643936
38303162666538396566353564363466353833373366653135353537303931666135653363656361
66653036656331363631663066333463353565346139633239643830383334323662623264363262
38636533663539353239333837383732306336623563383739613865323166373065623266363337
30386264323532653761613631306634316264333039333037393933373437376663303032356566
37396664333935326231343635613962353932316335346461373963323665633865316564643035
35343736653537666363376532363936613538326564666636393739316135353938316261303934
35373764653833626234313632373135316236376134623663343637613537656237323736343862
61663936343864363064366665326662653238373831313865316537353335373136613637306661
36653935613762663833613937373131346139383864353665646234656231353633336265323762
38613338353266356233313366663964636337653865303337386231633339376461633435386562
32373862613931616364613362343263363763333531306334373864663930383931623532656632
38646166303564323030633335363830333237363463333734666134623038656436316532313134
31313963616565306637623536316335303131326366636466303431376631333965323166363637
35333630666164306166626463626334366261303966343064656363323466393730323865616438
62613236363939663362396162383438353737396438343834353761363531316132353665313962
65633231636434323761323265383164633938633637376238333639393136366331313733643562
62396361376637633261633165383961633137393833353266303335666439383636656531353662
61326236383266323838353231366266333262626139356665366461646633646234616561323234
63613461383264366631376461326663636536313436333937666634396631363632336232386365
37336538613066326336336533643563346565336430323764313166663264373337643064633563
33393065313938383536366136346134626266336566353162653434326439363036333966356439
61373231396130336639346132633937333432646261323639343737623762383661346363653032
63393932343663333963316232656532316239303330303531663135333938323235336536386439
65393339666235306461303765356539363532633566336534386235613361396364333930373361
38643438323065353230333933616662383531626131343737386465633130393235353166396539
63333537316463333866333865303832313036356330393231336238633862313437333033363430
34396261376463633030343530306535653430616337656634333661393433313931366662613835
62633365663836666137393763613534646366613938373733363463303132323664653137343738
66626237613333393438353265663931663661646638313764396338393964306363363332366561
37343035346635663763636436343433343862353061383466303836353337393333326631393433
39633034613931386130616633653766303663653261346635663763356163393030313230313133
33366637636233366563646234373161386263353165353936666563633937353934666635613036
34633864373864306565613539373731346337343937323338636630666165656534383431346133
30356339373137356638316664623334386561303230386231326562653339303639306637303336
37313935336539383862393265366438643030653433366634353261306162623837656565626336
66363331366530636139653263646661366534373135353539333562663338363937366463326232
63366566333533373336376537623762663437653166643163336364663934303233303865343336
63363966343438643034333232396332313433646430353862366563643734303535646339343665
39346634643033363037346338383134343534633364343437316166396366313639653562363765
37306134383662336433323063653036613839623934336563366264656362393664333533633462
65326565333636636463316334383562326634633861316663356437386365636464333534666364
33643963633935616666326233376666333936356662313739633835323530366332613132356435
36663730623233333663666664386535323162343034336334356461663161303638313630363863
30396466393233343636316431343938373830633866336261626561656239633963383339613733
33316431666637666536376434356131373333313035666164636332313965326161303637326565
32396335373763323535366362303262323561616234616532313638316365303834666131336639
62636131393437343738646365366237613166663236383038643334643263343566336666313363
66646131313331366134303464396237623662636135623235343436376636343061373064353235
36333635613139326464306666396134643033323630656461316432383637346437316362653232
37353036343564343839623466353836373438626537326362666462666664646164636566303263
30303039616430373264316237336636633430623932373733616630336263626262316166646630
66373665653366346161663262613466393437656361393531616563356166366136373465393330
35666161613139376332393635666663386435646466363165346263616332353763613564323037
34316463363530316262386238643964316632386263666562643735366361626562323037313064
34376636306664313663346431376134323861646139343263653661643934616238363935383638
30643165356434623537346666373538613561346138313133303565333837303637366132333662
66623865373535343032663362613335663632326663393333316236656335623839373230366236
66363661303664373663346230366638643737386338333734346238653038626462303038626164
39356262303134623835663330306137633731623935343536633034653261646361343366633230
38343836353163313437396463393732653664666634316131653134303634313830623661363236
38393636323433303163323864326564613832313234393438306138396335346439353630613266
39663935323330646138323136623831353939613064383861383363386135333366386561636465
35353031643733393734396263373734663535636135323462326164383931386162376165663934
61656663656564656362316539623531346363343865323961613031346430636665343233323966
33386463356137356635313461613762326631663236623839363864373361366638393239626133
63356633363136613038316164373564303430623138633435386163636433373663313233356131
37326537323464656363623363373364666464353934316134366531333862323532666533323162
34353663653130343364646363633635376461626466303265303433636266326261373534623539
34303330303962656463386233353638313934663038656263626233326363653361356262643966
31383139343963326236666463643838363734396261396534653530353864346631643835313136
33643738653538363132323133653939616561646136343862336237306536353463
