$ANSIBLE_VAULT;1.1;AES256
64633035303438366333376265306361383135646331336666373166666136636462303230613761
3666616261633365643862653363346438643437343134380a613532366339383530393132643339
63656535303766653135646537373762663339393165376536623363303839663233666230653030
6533313865356333630a363264646135623631663032663665353837633430346235666435323137
31613430653563316332326661366239393830313237323936663535393661383930313632326262
34663732373535393631616365626161666132373733663866656461636364373633663736383831
39643131363066383635636438363434343663396337623337653735326130383233643264353236
63663262623031643061303661393733363764636135363662646663623935616339383735316336
63643832393266666639336366383461613839336131306330353262343830656537636162396338
30613331323233356435323836383866623465333332663236356537666561393366393231356266
66383431656163613831613566636462356631323466333039663638633534353932623863663066
32663830316561633839653430306532343832666631316434643533646261303930626239636363
62666235633162633630626366306233636138393335346362626330636230373664633666396564
35383362316439666462323538363939653536376362636130363531343131633932303132383366
62373932613937323833346335633561656536343432306335326239643932373865396266383131
63363263653832653730653436303136373930396234663761303732616162313835653132636239
39376531323531323330383666656663346165333830323064653366626535373932666232613038
36353965303432336266643030653633313065383463313232656134626666303261363533386331
33613535666664653236646364323431623534316563646534656561653164643930323236356434
35613635353561396562396133663561346639613832633134346235616161353066643530323735
64303038356136343266303133323732356639613237653563663838633737326334366262653565
39386565363037343634363330633265626262313161346433633764363038343937383863376438
61396166616461303864346139616162333865666435386265383835313332666632353063326333
62343265373933343162316661633763353233666236396333356261393232343265363536353165
30316234656338306465313063333831643863663961343233623461306363313630306339656235
66343266326466313933323131636637316364663730333261313136633232396563363536653965
37363634613337393736653265336533636266306634313563306136373065613033333031643966
39633565643765306561633936303736663330383932616438393362376130636538336537616530
61623737666439656565653039643765346336613736383233373430633064376264323565323131
36376431356564393930616165653533396265643837336232363134303363626133613934633338
36383438636533383037353164363566366236613835346362323032333336323130653831666666
66633230613839646234636565306530623832353464613666666566383930343863346165663663
35366231653266626539666233346166343832636430623235643932643166316436356335323034
33353962636437663838376532623862663865643936666531333062333931393239363837396662
34346535323965373161613238633437643038393966616539626461356236343163636238626665
35633337616234383066666461383861616435396361613530653061643231636134316239626166
61656538336462643238373664626235353563336166336631363538363966343030316131353033
30363865313664323938626664623538313634313233326433356635383532346262646533643830
39333061373639396164366432333338643838663366346238373835386661336661663764646232
63626132366533326563313731386235393532663730353264366266373337316337303336656162
35653032653137346662653030356231636231383763383335613330656139343462333235623362
63393235653134663633343737306133393962373966356639386365613931333866373231333162
38663663623730376132396137396534353738613533346663313663643532656638383531386566
34653832326338363230303165666564353331306131336664636162626433626334636665386631
66646164333430663032666533353730353331383436313438643332366462666339636361346333
38643139646632383437623362616432663665346665643963306332333831333366636231613963
39656566656361653130326335343030393463626366343232333136396561613064323165363766
37653635323062636337353238376235613266336539663662363031636233396531343537646233
37303662343363643037663731646366396263336462333530373933306337666164613337623938
62343736333737633866633165313931333831383764666533653930353934623538323734333631
61623165636434373634323362393966306461333330616138666563623762636164323430653936
37393434323964346433313433383566393439636665613638616638383166353133643139303361
65336231643430623732623332633732303431616639303039336639383737653064306563376537
63356164373238653361326161663639636163353732306566626533356165336634393232613231
38363666396433646435323638343138616539313330353462376161313436663331366664663461
30663831613234313736636535303864656335656261623663616163643165323666323639303232
64316139383662396137316531343433303036613735646539396633396435326537333361356165
39343462653063653165383062613162653732633233636637383939333533653439366663623562
64313761666563643635663731326637633834626266333539653238383032363330356531373964
34343434396539623530326164663864646131353263623966373636666139383936643834303034
66373364373636613033663766666466313532353066396266623062323930623864633263353134
38303735353935303238656537323836666365616137636536323462346562656562616561366234
65323866386339633334303938383731343263626339316263656631623762626536356336653861
35623838383634643139393539623534323238636530646537353335626636623263383562383331
31353962313638323762383762343033633739666138356533653565316237656466333932333032
66616636623362306265653935613163616639383563656635393638613332653561656230333364
35643139393437303939373564353135626231313563613833393165613632303131653763386664
38376635383963666434356235363337323931383066376365386239363030376562343265386532
37656130623465666135653438623539623339343565333836373661316636383463353364646438
35313333323537306139313330643331633437356333366434393235356439376163323366633137
63666361306236623536353361373563313737373164663865666564363134323630313934393463
39356431326137336237613039343739613338646561613830643632656438386433656463353130
36333764393564653833346437303666646437653831623561356664323637373763663166336135
30643035623864396463316132353033653164656463373134383639303133616532356439383036
61626161303066363566353466666633313534346263373363613833353633666362633266353635
66396238633031613236393938646161323763373736636364613066373730303564363362373639
35383031623936303930326361333561333462663537386663643463353830663161363832346239
37666164626530363965353035636337346363343139653431366135633662366535383032656164
64653632653366383038393439326262643266336662353432656566353435396133633331323466
39323262663465303834316333356133323039333332363566323632333630376639346239633136
38343463376561653230633130353636616266626133363934663132366361633137653833616334
31343937316461656639666233343966333238396136663939386630373338313934306539303562
66643462303362343339643230663832366139316261313833343730336661326663376237356363
38313461353466633162323133376631653932333533376235663835636362646631623736613462
63353737393164336662663265326664313538376661356662336136316335353733626161663839
30383836393430653966643834333564316239653536646339633638663033333033313031336631
39386135383665333862333534323138396538366536663365613062383731633434343862343563
39633839363634316264316135343634656234393062353232333265313932373463353664366338
65383838333739333438613536626538626266343063376435363238616131326134
