$ANSIBLE_VAULT;1.1;AES256
34633466353837623863626333613933616566356534303532353032306631636538343935303234
6535636662303866393131366663363537666537633938630a386337336564383961663535663264
63333865366262306464353061613762656331623631343932303034346563343238363737653031
3233373832353761370a363066666362373865316134643561636664646461383335653834356664
30653561333737376261323061323739303639333732303762313731643739396135326264623431
63653434353065303464623866386561313765346637363964366438643061336264323233633138
34346232613233363462373631343234343361323030393035356539393335336665663864623963
34623765653736333763623530613061313361386539633964313661653338363438613562626536
39616337373830396438666439306136636264623535303639366536646639613337343230306664
33386536326663333031663963343233356235393530363766323635343161366332643438653234
39393963643339326335363138316462313163613332383261333035653137346365376235306335
64383934616136346137306464383565353639313731343961356339353066346630303265323937
38623932353836643062393361303034643736323566643361333133363439646362636134383730
30373237623335306538333061643832643338383135373638383832616138663463313666333934
63643633386366393362346665663131393664313138636338383033396639626130336334346135
37303933316234303536666561666464663136633961353239633663336538376339393236653766
37353962653035343161663835323463346234316633306463323637613032346634643665656130
64633661373263646433616166306538333334323831316536396437613561333561343537393565
30383234343438333364373863353039356261633233333464393134383439386631613961303965
38623161663138653930386262346530643235393535316662616561353066393031336332303339
64636632363932663938656163643139313564643863393430343131623365363431373631383832
61653532376439663535323266663438613739323061356338333965326335623836663238353462
33633534306535356164623565663534343537666561656433373436306361313630623632386630
39333963383236353338373334303933653030353836396631363433376461656239383838303632
33326363643665616637363435636232343936336131356362383765633963323861633638386338
34326266353631316238363261663863313936336539373735623066373362343165316239353065
32396463343737336561336530356334636638333836313431343065633638313330663830633835
37363862653664323330353165653334376335373538343235383836323862666462653137626433
36646662353732346461396263356436323463326635643039356364656164343663353463303766
33346461343731653031393333663036633966383865383730363131353839343530393965636361
32386139336638373561396135323934363165336539373737646335353066343162343664336534
62336335643436326164386461393963313636313939613565333334623031376465613037376531
34646334653534633931366361313466623733373236386432313266376334396530643062313161
61656361393339653266636333396236666235396136373161383031393830663439646231313861
32613237353961343339353365396236633930643861363430646531353730616264323062336563
32346130383935386462373361313864633832306363343634383961626130623535306634343363
66353837386532616636633031373463613864636533356236663532643234303765316563333631
38346361613563626536356361333631383339386461313532353865386265313431326362376334
66653831643532656335343832633730353637623266316134366466386365386363636237396664
63636132353261613461346537356539353938356139646565356662373963333033326438316239
61653535336535356665303266333635363932613837623963663963333765353034323464653964
30623338663633613532373534613662323431383434656437636163323532353834656332643433
34646632656165363736333034656163326563366331383632636630383832353132376361646135
32373936313036366632636164336365366632643835613737363833306531643836363236623636
64326332303665383338633164616331316135386366353432616433313137383237623161633666
30636563636663386536613831663764346132383861313337353563333538343936623833393838
63636138646132373064316239396338663833333037396239613835663332346635663035376132
38616261376232643961363738376439303734333362303133643633336635346562386264363239
37633761613832383063346230363364653238323035383630303739656539626138346334616638
35646163313036636130383861353134653238386531306238393838373964353863616666626632
31303835626661376662636562326663356664323636393630323233646632396532393766343165
61386136303439353864366639353033323432396565633033343261666631383337613538663966
61366563393233306364386166616334336564663638393432373039346437303761303766373565
37333763393764656562393138353936356438666338303134643361376566653935346534623131
34363938313163393031303836343635353731333136333732393164306137663834626230333761
34666135653338316334613664636236636635303864636163613838393432383965636137646536
65653432646265316338323065636338333933363962353666376165323263303734643331306466
35313266303433303837366263326362343137303265333336376264326332643263633764326461
33393338366437306332323133373466363465613361313932336334346535333739323265636232
33323537643565396563626537616534333363626161653630386235373636666335396433653334
63356261613761383832333530396630373366353038613532656536396465316435333830653033
37393538376262643562303766613234383239626461313865633963303865613563333366386335
61383532316230356334343231626366326462376462646334356130346435333637323532643661
39343337643164616561386232313038663234383463303731663366633764306363373532383863
35646265386532343634646164383834373261386366393831313335383761646439333131633231
61383831623361393261383166636630376336333463633661633735663664376363373261326435
31313337623262323264306264636635336262343332386664636563623266616139623263373633
39333366303138303933663262613239663263623537333930623235303233383037386661383939
66366466653164383239326433376161386230623636653436643932663734383932333430643436
31663664626638376564626463393635333164646639623836663165363363613130656534643332
31353837656265383931313830626135663930633635643032303033633535376339643236393833
65623039303831313066396438623264346533393039623532626139323537353232383562653039
34653762373532373563313935666432373338326663306136623037373536646130613936646437
36336463623634343136323737616530613538623234633538653633333539323763333435343937
33666439313133396663373932373537396565393938653364633964633232343466383730363635
35646335613934663665626433616533383266306666353930356136383464303632663263663739
30383362616665333466326263356331666130663065656338636662396363633230333630353161
65373835353661386139396662306461346332393964353431343933353665383032393738363663
35326666343364323532363033646335363232313061306633303436633065386461373364646665
62616365303931646336333031373564663766333762636437323435333037623536376163393762
36373561636263663631323237626338376639623462323965663330666534313239646138373336
31316161383838653833393463613365643831343532663433663635643235343065333935333161
38383565626330666538346331373938613430356639613939386437666439653261323837393333
37353962343961366430643632656263356234656339386637393565346433383336646661623238
61636664653763663036373531363264613839393232656131313865353135306431346130613831
34363536336663323334376366613338323733323761373532356335336538663166666235636238
39353833643437646134326533653033653339373439653030653531336232653532336562303031
37633839323834646436303363643561383231333935636564303066343265633535313336623536
64613762386163626135376434303864396461303762613365623837393062383262
