$ANSIBLE_VAULT;1.1;AES256
66393266386435656463303234396536626661316530326438646533356632663039656437623631
3961656536373231303433353461386561656536626262340a373266323634353833373435343337
38316635323633613665626563623663363663623765326232373135323532633438646361373564
6363656463303662620a336464326539393735666462343462636664313264623864313131633433
33346133343436646531366539663165333433633539343165633231306234666436333130653761
30366364653636303265343934626565626333326561316462306566356637623738626637323735
32313661333539326430366561633436623963656238646566366562346166613561646663396163
63336139366534386661353565333366656339363561643462623134333033656166656461346662
37343661626334633364636439333565613833316666376163336533363464613834623934356432
35303331303164386230383839313961393535323663633262383439646236633732636636666639
39356135383564396664386232346361626635353263653930313463323366396437333164316237
32643663613031386335616562373834336535613835636234633266656232313464323636623231
30613765346230333861633237653061643831626562383434386639623534636337313462633331
33393335333361313238346536383134306439623761336436633531323464333562303835616364
36633837346235633366316332643139393066353031336635613230623237303761363538616161
33633562626635636635336635323033653133353166306535313331643238643663623339653465
62326132396565666431396537356363616464633962386135323861666536336436363862653438
36643563393338396162303632306632366538656465393839636139353065646631663330303034
33333938393764353432663664626632333565656137393864656139633663313930366532393138
66373038383566613330363861663763383637623266366563396630316466336430386536363634
32613937306365613764646330373836336634373066343261663364376138353665396166393334
37613630663634373130336530663337646537313065646264343865366663376564303330353539
35366432346233363262623038373538373331386165663766396262303834353532623733376437
38313334653632313737376534656332626664646535363839326238336338363761666461616163
64313662366631653466386637616563323964653835353562623662653034366130376364343338
30353036306532633937333334636563336261613462633663353438323061343061366331333532
35633236356232323832376339393837303064333631303838623231306164376533616563633565
37333065623438666430663734353135326534633534386264663962356531373562636235396163
65376565653839383135306239316631313735383438643830313334636433613734656432613231
66373531393133386230646564333764643861376163666438356335313032636364396264353365
33356236353764326566633962616530616536343238643863626465353633656434663533343330
36323137613739303931636439646664663261366464626635386439383161653736656435306565
66663263323532636665333632343234373864363861333563366430633737353334353639373664
65643162353766633735383831323633376265336635373866326166623066376362653133303833
35636335313130303230353865616130313532356533326532303431343130663431353636353539
35316361383038343763653466633165363536666435646133353934313461366532323931333135
39623736383531396437316237623233313763396530663238356663343438623637383365353030
61353061616634323833623761613537336165396263626661366631393530336436626364386230
32323830323465623061343731353534666662303762633534303430396563366638633134633735
32656464313939643565333338323739373130383631303637366234633563366462646139393239
65353166373330306135393062373736626230346530323931373262316136333961643334383733
63663839623433333838366461643732363462323632646261303463353464653333326330353639
31663166323237383966383536633333646332633730323865336337666432396537306164396262
35616632613734393062313632373362383237663038383065333737373865323732356631323134
66636530326230353263376464663430383966363439316563393939613264323366663361343936
30643636646666316236626363363564393464353230383238303962326436633530306261613537
34613266396535626237613433393137336237376531343563383236623363623330643638396631
36646238326234346536396334633331366430323334366166313665623132376462363533313262
33343463613865376230393239633432636536346561616431323830336630373636346532303939
61326366653563383636373966643934626561333933373034343139643365623934653061353836
65326665633665633833613434363366303330306462383837393266373264623331643239306635
62353763653437626565363034386531356464323735666137653862643239616462613038626331
62623432313036666362393136656631333662306337616664356333613261356138636262626264
62363532303138333536356165623363373565383730646231363166353139346262383438623865
31306634323136636636333235323461653031353262373361323664326435303539353761626162
39663738383663373530376462393035336436313130653732303761643764366534383538616361
64616539303830386534353233313731616130383666336661646162663932626364393639396463
39303039373339646138363138643438636432303036663632643033633961643763396532396138
35336635613462376535303961306437353666353231353435396266303837613266613131323163
34663237376631396161613762636532363138363230343733616438316236326361383837356365
38623064613964396563393435636638393539653133643739383766366262386334393362663631
61333838643461383834666661656261306634373534646165666162396133356239386233393462
65643239313737653232616632323234646266393438323162613432393633396463613863623462
66663639333439343465643938383461376535333935633766343933623665663862623031626664
34326361303434643239306362653763643163626230643264636462386537326333653162373630
35306434633561343864396164303931616231346263656237613730626239376335626539343533
34323264653735623064663137313531633133336235336361373933363131663134373033356265
39373564316534363762323534383934643663666462363136343637363739353036343739386666
62613966313164346663653737653234326266313637326166643734646262373334313066643562
32363761663231333563366462626634343539373437363135613834633431326562646262613832
65323064663364373738656163323261663662386130663336616334373439376234636462363462
38333465393736636436343031636665316130323163323864303532633666623064323665393039
66653462343237666266333534623962633534346339313861343434626165363637316462626265
64363134663063346631353832373034653438303032343435323935343931613033323230396461
65386565633733373334336561393036346266636364386135303834313232343834333736306633
62663364633036393661363535633931346431633831313131373835303930323332373766636533
37386266666631366635613365393932613939663834663334353732363038346239376466633837
39636463393863343637323535366564393263383336643861663338306165316538373337383664
33326164323464306339373665383737613439626564386465376563646530383337616563613239
61373136373139653434343966396164643833666233656331633562633763633766326565366531
62313063323733653665626565343964613234383537333561623030363335393138383763313330
38323533656162643966353261626163386135396664373463363139653137313139383931646537
63656235336230363032373134393631613961303532653432663035656565396439343864613333
32393964643533613334343537313237333666396431663031326434613633356230393132363438
66303934356262656638656363316139663839386562643662633261613531316666333465353962
39643734643632306132316234623738633265633461313334353439343665613333653532653866
38336233636430373035623835373631646638353235346434373633306365333464643734633532
65666332316164396330313031323361333232636130613935316365376363363938656565656437
35313135313236333866313261633262643761636438666232653763653835653134
