$ANSIBLE_VAULT;1.1;AES256
66376539356134643062383762333437656262373763643531336236396537353963646237393665
3639313662386233353163396662373538396137356662370a376633313732393330323835313963
34356433333762313065326336313036353436623436363335656633376162366366333734396365
3565633339653866330a366433383862306433396330376363386134656634623634366438313865
66376639343937653834643835643064316134343831663362633831383361313233303038343061
30373866646463323062383835613265373639393461333065313864323135346234346161643535
33653965313761663463313461366234653663656636626438303437633861313366623734636432
66633564623634303733653139313564363239336332663536323231303963396164653930613037
39636438343466353138323065653762363331626339346237636333393537306331653334343361
30636334643231353761313536336433316563653733626537623034306237376436333732623436
32393931346465303836393034653139333165366263613064356234323761353032333261376465
35666265623533336232613932323939383035393432303962336630643233663061616665353933
39313665653165343733353834613234613439636266353434346230373834396334626330626532
31386662666633323066633866373766303135323535326365393630366266386335313064386436
36306334633935363637303131393333373963386564643730316336343137386135376663393438
34373764613561626139383138323965623134653034353135346238633538366433333639333232
33363762393938616636376566663135663039393964616336326331313236633734656566316464
33313035353366646263306233313834636638303632383662336266643735333233346238336334
39316637386432366337613536333263363864346435343034326339333166623038356161393531
35316531303330303133626439323864386233363465316264396533613237393764323965363333
39646130313339643762393262353531633565623762303236386330626139616639366462323332
62336537626261643337333965306533363136363463376139363061656233623132303561653134
62613265613765346664383038343532383939306365313765346635396463363532393732343234
34653436303264333038653838396338343839363632313735663133626339313439303939396263
61396161313936303530326130323536376335653835623437376236383365336435333235353630
37656134363339393839636635376135316365366366333866663465393937393138343733326265
63376133353731393131343662666261333637313661346433386239393030656665623563356237
33653438613835356530313434356435363936306165383465306636373538306133666132643238
64393837623565303462663339383338623135336463343634356134363132623236303131616132
36373537313663303634646437643262663035323033656538613638346236616261336366636432
32363137326161313266653866643137636662666439396535663532383761346334363065343631
36663631663436313731666335363562303232343064303966373638323462303565316562653662
64386632363862386466393933343836663734383366346535643637643732316362663235633039
32343336646233643930616632653139353439343735383134316664396362363832613935343665
33333435306162366431336438333036616461303430356465313733353266356630643530663834
38353131303239656436346331363766633737396238373538356435323966646166636135363461
63643137643635373135636334303433646561656232383163323963366164336364616163383232
32636434663162636230613632653230653234376561346130633139636230393263663065653931
61353465313830616230636663386463303237666363396164643838393265663866663361356333
64356334646265336365643131363830653133666533623938373530346432306265343638643162
64373035313636366336383131376539353039353235666432653761353363616661313834373764
66623762643263623234356239363165333236653734356432346164656237333237653562363336
62643737653038633066653830396235383962643137373338366630346230356630373864333861
36653338396633653130373036643361363834363537653738383634623534316164376362393466
61653736323833373938376664353064353366396363323032386637383538316531633761353137
38666337393838376331313735616331336336656334393237323034333266316336383063313734
66346531313131393839616333346330343533663932313661373563333032373632343132613466
64336437346437356435386233396530313833363438613132366234323631613762336134306432
64373136633039326433373337333166316232663539613866303864623236356332333637316363
62353334356264383861663365383738653132636265373433623830313135356466306366303361
63353131643836643562313366386530643764643435396638303464646566316337303362643762
32643330626339333632336233363964623436636464633532346666643734323135343362303534
32353762623835393235656564633430633365316563313333396663653063303533333465353235
30353934666164333866313734353633386137356466303231346463353230303263616634316461
31353665336530623266316639393463663730343031616434636435333064383561383038626138
61643862343939396331353564393662316638363637393134306665333339336164373361326533
33393365323538646536383734336663313635333732316161363062363835376365333636626230
32393137323461383463386565303261303638386465363333396165336532336664303862396635
36656635623430656635393430386432663466383739623838323236663132386331316464343166
31383832613463626132666439646334383161313735666334343932343336613361336639333730
66623930346537333736343530623831353937666236616438643262326535303435393264636537
34393832346165356637386162343832316163316161626435313530346539666138333662633431
38663230643134616334383731356265333538346662663063333337316335636638333533333031
32333437346564653634343362383533313338613363313931663666373635303732616331303939
35323831333439356235623162386363616536356136643235303939633736663934336533636261
32646662663234646338306165386161313731356132363334383336336336623537313561363062
35343838313235313762646364316233613764633035323133363833613634646431363564646332
32336163353235656464633761396533313864373739653934626661373362383233633332346431
38656131636234373335333330623538373166613035346661656364306365326564616335393533
32666363636634316433626639343362613135373539356566323437356662636365396434663364
38643066356333313733626134663830373037633764393534306337326434663634353339356165
62353236626632386665613239326531363366636565343634393232393634396530363962386233
39333730336133393666383239663339653831643761393838313064646537663033343163636362
35653131626665333465393239396664386566656535623364346531656435633139336462633935
37653736316363653030626232623034663639373665376331666362353537323938353163383633
66643436333230633830656264643634346230643839373137363562323564356164343738376265
39636664626262373530626438656466643239333737353132643333613337396564646135333135
65363162373032306134633534346463626537353436393436336362393264316630623539613337
36356535333237646263326138316236383832653438623063633036653964316131386435613037
62346230363235333231353566363032363564303862386464616534346362636433396432393032
62376130653839653134663062653734373134653433653733346530636638326466333631643831
34633164626432666634663862323965663432613764666665613666626230633431383765303639
38353065383966306434383632663431373535656630636637356636353562393536336165393336
32316131333433363861666639303832376132343633643334333634643539363734336534323234
33613063333665366332316632666533633336316330333333633763646261316532343362386632
61343737356633363138656334306332663634363964393531653263316137326637663963333732
66326363613366393237363233373833623931623935616562613336353861366662353335653462
34363931656362303538653430393933353134383934326139653663366633663239346330373965
36323437313261333130323562623262313231306633653132613861303461303836
