$ANSIBLE_VAULT;1.1;AES256
64666363373439373537376562336132373463363664383434656562356236616438373435306130
6439316465633339383663613235313630336535336130330a336562346238326134636237343331
34613734316165633263343533666132353766626263336532313366323838643963653430393730
6163306334306633330a383064633333333139333766373166313638643039326166666335366635
61373062366365323034383637633333393136353763393762376166313634656163623435613365
39343136643031383730653638323933653434666435386563313630626162386235363165623463
35643336356439303832643763383166623764613361653537343164633433333637636138323937
36303362656535303063333330356132353031343966303039613364666265356561323661656636
33306130323132353562626364626362316533373433306365386437373937303237613761666538
61383032333439393932646662663430623633396132353739373137363034363339353337656535
31323534303539376562366563363635313833643139353835393830376161383238323463663262
35613237303865326661306233323866373064346637326630616565343833623037363539313239
32396339386365626565383335636331636638653066643335616664316438373235633165393338
30333531626261623939356439346333333138313637313665303234386664393264666563666365
61366561323766663365363963393939363063626332393138333830323331643063613064366239
31616162363235313735623533356562636235343965373262393563303863653563636431366133
64643866376630376432613839303633623937353563343334643464623766386234323937663638
62623431613033306337363836643537306631636664303266353735396532646538353865356437
66386434303234373632366435366139386137663965393862363066333135336533366165643730
36613533313266646164613035363738313462373433613233353836613965326234336365356638
34656266613663643431656464663635353539343535623432313266653239383333353665313561
33343863366464306631353335393632303262663264323262663139383337386139396431343934
31623265343064633638386533376639386530376462393735646235623431636137623738363932
32616166316163353265323136636638313135333039623863353538366462313164393132373237
61653263643930346464393331663262353732626134366165653234633139643430643737323532
35626562666662343564653661343734376131643135643138636439643366363862396362333131
31353534393432633234353835656131313733353239643361653838653336393864306237623434
30383262363131333530613965363463623166633534623266613837616338343664656538336638
63353233313431303432323362643737396662663035663766616464373435643365613431383362
31316338366465346333663930306265636136393930353930373237326135313066333234333231
65343663656461333130376131393735316334366663316664313833326239333831626139303364
33316565393563616530393862656461326539356231333130643735393430636534646332316432
38376131343230323862383337346535616364313837363135346663633138306365393839383465
39626362643961383163353434633138343339646138396466386161303335326531323333363764
62376531383539373661363562313630653438633565636336383933653132333235636231633663
36346632383233636630333437333361643239393336653835343836393036396561626331326566
37613536626231393831663461623333393137333933386338386638633831303434333464653962
33666264616339323235636234633235643963666362376338386434363038333034616364333436
65333034666663383534306535303637333634633830666439366436386232343632393638353264
61386562633361396536303532303233346534303337663762613163616639353630303662343565
61366437326464633938643139306433343833316130343932386561383031366431613436363235
34353631636430306561636638633539396562373234333236616666323763326332376366393663
34303235393035363035643237306435356339613131393163616365326635393061623461376633
62656237336230633738303537373265626131623336383939306233383736363566623039623239
37306535666166396663663465626133623438356239616366656162636639333162323937313432
35666434356462333566373931316537653132653438393737363266363936323335653265386134
34306236383033316562326161383233313166313264396235313962336539623233666136306262
61616463333265653230353034616664646464633263343934333765623062623435366664656231
31343565613361356637623631616466393566356138393739636662373933623437303435346165
38653361383535346331346665316136636366396163343863383733613665613334383433366465
33306433663435616633383537333536306161663466323934323739653039633863393632303338
62653963343962376464343664636338376631353666666435313664386131613065306665653530
39383634656333653336313838616233396363393233386335643265396430653839353266613933
39616133353032666162393962346433386633313032393435646132393530326233626466393064
37326366323836316562303566343039666336303166643030316662313333323630373837613164
66633536393363373432333730393830333735643530386532343066666165356633663333306533
62333435646430636165626638386339323564346636656338646437313434373733303666656136
35333564353435633232323665323335356464323163386538643036616266343465633339383930
61366264643831356161326235643964303738333638653932326464396335306566643162376636
36353266666232303866356230333830626230646632313864323265313235643363653666373435
65376230646634616138653936636339623930363033336165343436383239373335356463646131
61353433666164383463363134613932363161306134356665333665666466613337366136303037
38626439333830626234306564353164323664323531386230353736396432376336323537323239
33383136376332346132333839383765323866396561303663343866636664373735633331643535
35333531663765653532656430343733383664313831333730613466636262313535326132363662
38613831383335353539326438343066333162393637636264643264666638623532303138383630
36633463636662633333323231356230653035616665363935613537623164653737633963393537
33646139373661666438333238396362313931666234613837326665383835393938343763343439
38623131626634623436313164353231333438616562326561343135393765336334386665323739
61333237666662353937383837316636626335376536316535363338626562383434343266386233
33366637313765653337316438376232663864393237366662346333333431653062306230616533
37363036363330613535613561353863343039616232623437663336396437616532653861326364
64316665336430313631626234626161306664616139663964613362316533636237373036373630
31393138386362303131313737326562616232636138326537653263336662636664376337336464
34653133633361313363303330663535633032303661383530663662313136356538653363393438
37663561643862306631663132323738613062316364343761376332643631666463373162313434
33353337663634366536386634323564376364353766613466313264386638633930623466303235
65633231613034306133313734396537663165353639366139383266323435656231623930303139
61366261336163383635353763666131386466333336623464666137376161663239623564353733
62646230323463363937336165373730666238303835396564626633366363626161306237353739
65393663356334396133373666333066363036306433313863613933666233386433303036333832
37643930616139613764643732316230313333666534353465363037343132633635383033636539
31313433653832346266396362323130646331613162316365623438653062383365613536373734
38653162393564336564383733633962626464656231386461343362353338393237366339656436
63396231393636303234396235386436396237663137363834633333613366303636313637653136
66663863386633366132306336396231383065376463653732373138666530336461343863353432
31646430336436396164373563313763353465633734326136366233316337376562633538613166
35643337366264653232386139326462313039326163636162386463366165613536663864383332
34363130666165666365353334393336626361656266306664363738333331616166
