$ANSIBLE_VAULT;1.1;AES256
61633738303362633637623663393931653064366462313163306435616231653863303261363938
6234323830383434323836363664333439313137316533350a356439356433336166656237346337
34613565623737396131323633633133346462616332346136633437346533353265646131653761
3564353337636137610a613132623638313562323163666239316231616566376431663436626636
38656161323835656433653230343162373438663162643061373363356334363766303161303035
39313633396432666565356265393830323034663065363232666437326232646565656261633938
39366131336535623935393833396637316430336266316362363436653563386434623734306366
63376138323230653235383162333431396262316666623330396433393838653037313065333739
64393834303331653333386464316136353965313463626334303830663639373763646363353433
36643136393536393262303065373431343865643366333930303939303065343532613065643365
32616536666639383538626364663936343664653137303433663761643565383362393434396636
34653066663461386331353561646439333839393036333664343061643632303661643461336632
35306561656363313766643330313339643866376264333861363433313935316235663535333336
63653336313638363539396635363136613863356135333039646538663139613966666465376138
38353537313530396136303761623262623834343532613463653564356136333963633730323861
63656137363365393432613266393339396336656634333538616134646538626662643038336637
35323330356432363030363631303834313865396665353039316633393234666433666439353638
63616163313139366234353431646331663033646464363030646162643364653834393733643636
64363339613835313736343735383636636539356261623930373033346562306439386230336562
39373631323530396536663465313863366465636339323635373561666432373865333064613461
62376631333532363966363562623237636439663366393831363439656432623063666533303462
65306464393936363531383461393164626562323866376136336565306364626431636632313464
37326363363830393934383835633162653266336132613161383234343537396636646230653337
61313264356531616431343033386565663166336665303561353431613532343562653739303863
62323163393637313839353530633434353861626162616665643966393938643639383537336266
35383233656132663265313466633932336230383561656331393632383166333363303432343030
30663432376162613963643834343662333237356366613332633963613731373031316335363132
34633736346637666439336539373235623961663035306435366163373932393434396335316166
62353061386138336635633532326564383231363533306637383630376331623233366363333165
61376563663730303039393564613031333039303366313235383537663032656562396434306539
30346132316537356531326531343666386436373839303135383039363536616638643931376532
33343039623737666239373438316135393335353834396235393334326232626433653531663466
62323965613139396437316337623334623839386433356361313065376265623166373534313031
66663265356265383332346236363832303537343262666631373331383062333137303833396233
65616161333461346535666562316238333566363437393937306333333166613630663739386537
38393833373365623438363962613039313130386362393637323137393766333838666661333366
39643664373534353530393362323633313636633937386433303931323531303831616461366562
30353363303634396533646263343965613539656333323162333166376239313034366634666234
63386665373935303039393862303766623834363063623831363231633430313732373836396130
63646464306332333339333362386361303735623839363365353365633838613539303634373562
33636663306637666430373139326366636231376131303136393861656534366164376564656637
35313966373865396230613236313732636633656235333833336161313062626433373062353438
63633039626330616261303138336561336362343061343833326532336362363030383566363539
30323930366534623133323862346262316134623934613266326132346464333466653062653631
62353563303637306238363366353533313939653734646438353066393831366231313830333762
39353634323135623734613561666630303539613236333936326564363831643437626331393236
64636336353861303834663035383461646537326166386330333562316134666533333039346432
61636539353738626330303466643534363135383763393435393963613266646533356634353538
64366263336133333161656234316538386664366433306333623564643734306466356263396335
39656261646431363839656662346434653533383565303434396335313061626137323737363031
33383262346239316163386462313462346661306539626136326433396137653639326232336438
35363639643266616533396338323535323231626331396433373236323664373033333631303436
32646639313465343333386139333439396663313262643861623732313939346663643936633636
31306436343939356135333930616337643732366237326537323632336533313632633634353831
35353637633031633636666431393663343032376334333131326137303363323734623135623735
38393066306338616336653932623034656261336361386232333535666331356262316533646366
37643639636532353636386366623161373130373530333661383531303564373833316137373837
62656539663837646465373037626432633532663830366165383766336462303933636332383236
63323863343464636335393530366431666134346637633832393239366138656238336565373061
36343834323237386233393263336465636464643764653062636461356339373138333530346638
62393133326261623232303230303163653234323262663636326536333836666366656235633066
34373336623231396338653266323166306666303239623865623962346536313762316462303064
30313036626361323463663136376162383561353265383239366564646166643733313139383962
36623462396138333361383565616134323036653337623534373361613730646661613637646165
62373636643531333332363561666432343865386661383330653735396637363864613866633862
39336234373434616333623934623835396463623335643961356339383433653339616663343531
32646161333134376163633731363731663738633730363031373631336633643534393361623034
32326230613833326565393139363839373233336632363865623663666165326434343733313635
34623035326533626633336238663730333161376532633739373637363363393732653533343735
34623563333938373635616463616338323033346564633766383232303938613965626237323834
38313336666337383537343832663131636161346262646335613364353832396538396365666561
38636362376133396437326339353634346166326536343236653666386364373934326539336333
31323361393636343366323663633933393361356231303632326632366532633430363666623732
37656132616262363834313964383032343831313635343665353362616262366439616539343630
38313464386431636538623136386531323162666161346265396263663435386337393939333564
32346133663566336665386136323732313438326261623232633334306231636262633036646134
34326466333761633566396539356164303135313265623139636431666439326362656135333066
36336432616264336139393630333363303435633764646161333236326361316361333635613538
37383562633663666566623231396630353361393636666533353065373263643139323638346436
66323534333336303230646430366131623461333665383738626536303736326561636537646664
36623230663766646139626165626536326535363561383034373230666536626362623138393230
66643931396362326662646338663664653064653761663762346231643362316661383830653338
62326534653335333763383061326564376364386363376166316634653237643439613963373233
62356666353130633632353733373764353138633363663261633333356637633339633631323438
33613461636639393831666665396537323561376265643863393163313163346265336166333537
30313032633133646638623762663466373534373466363464326662656263633966363538623434
38643162323134336561323364303737313130623832633461666138636439623630376433633236
32616335366462653162643634363631623233356230363730343837303938653166363638343763
38366430363437386164333332323130643465656463343733336530656665623335
