$ANSIBLE_VAULT;1.1;AES256
34316261306234626662333538336462643530663861633737366539383063396433626532356237
3839353239373131383834396661373532643135633930320a363231653132643535333236613633
38363961346330313730356665643034663739333839316566323733356236396436663965306230
6530633637396466610a386633633065626262353034663065663061626162346263653038383666
37353939333536613431353639303535353931613637306362343237663432366564386530313434
32373436313930306138626237633131613638613161386462373233616463643762363131666334
64343766396261643663326537353835343565636630333339373735656232363730366233656662
64366563653231663237333737333361363765303134646632393135663737643561383939373030
66353933333864356231636133663862303365376639663235343965313332366164666161343661
31643730396364396137373264396231333164653531383837306265623832306335653339666639
31653232656638653366653538623531363235306564613339623533326166336165626362636266
31356332313831383938306266336635343562373463386564306364646266306436646462303132
35306337363637323230376234363761333436633065363465336162313634316133613733666632
65656132633162643265656363616434396239393634326266613530366231313531646266663635
61613164613536623061326330656639363031396139303263623062643263663033313064663961
61356462626132616632333534613666323832313462343032396437336665623432303461303762
65646162356236653737613766653061313362633138363939393731616235636332376134383665
37386538653866313538643764376230373666653430663131666466376130343134313137303466
30343239636534383362663332353539643362323639393761366363353737663932623434623064
63393534653362653331613535323463396165303933303737396362316233616534643138663333
38336362313537633035633164366531356433323739313764623361656561366631323962626663
37366537353361633865633462616630356536336430316662393431616330333363663065313633
63616139363062346138326434393833643232626435353336663039383464326438306230383864
64336664373036393961356162376237616532616162383764343062636563646464326337373863
37333830633439616330636633366630393862626363363432663665313662636232373538613938
37366565343436663030313366386132623861613132616563346438613337346439313734663464
37623436643036366639633938643838343361366237623531343962656432363136643061363061
64616239626133323935346663646365383333643637653666353263623431323138323464666236
30636433383539633565623832303133613366343161363564613064343230343333323463343535
38303439636161666233383837633437663438616338373037386561383034363632353565646632
37613961323131346136623236616234326262663165666538393566636265656665646363633533
32636639333463653237313030306435343433336130373262343639313330396666396266666335
63663965633265646563386364393332653434373930333433623233383965363461663635646466
65653738643835336261376664346564383863363935343337316432373331623831383533663238
62646230656530383932663234336231393439346331373330633031653332373738616531643631
38653565343536653432623531646663646331666531376634363666633837613564613636373630
61653738323032653235373737303636313663613162303631386533656365393934653332343630
32363432356134373765633339643763613362353636306238633639393332636262313333396631
33363236636130373138333963653034396235363839323331323533343835626433336635346164
31366139616566393565656434353233633538366536393164653636636265373364343832303437
66633532396234633731376433616331663963376232346434653761656235613433326165303032
31653331653336653461616136626334343231313063356533383662363837306533323038623164
63363530633630646539386439323365343739653162363435363430353233343231643266663430
35323461353664633939356266383833373733386433613435313034613261313335653739373131
36333839653339353938396134613237353235356535386533363361633564623634363830396233
39373134363439383233313065306432363163633865326266643332613737326630313733353336
66356436626130353264613531356431643534653639333237633964636466363033396431383432
61373334323862316537356630643735333035613836343063343232363466353365653733343736
61303065623532663534313635323636326131313561636230323430636432373936313334613464
62376533616431343664306165363337376231316265383435663733623535343261626462623833
39353866373831316432646238306562366434303563363033633062363161643662303237363634
34373832333833323339643265663539666638343366363439366565623031336638626632633866
63336339326562663236386536376431363739393330323961386664653735353133303065346461
63663061386231313231366261363333623036373838373461613736616336653035353330383332
32393034313330346363636162316632643364626262336266643834396261663832656238613165
39316238346531393535616439303736656433346339613937343139316338393330386662383131
62643866326664643732623138633735343566383034386137333838356266306637333763396363
33636266366430386331636630616365333366646664353239356632643063383535306530623438
34646339343431663532323436353466323439393632356531313234396634306562353161306433
64623166366363353763333734306366626565353236316430353736383633633265646230633466
36393139666132626564333936326232303863633535656262336131656431613361626334303766
37313636623461616239346438313534663566313337623666346433356333623133356531613634
30383036643734663961326361643665633666376234306132383234646338633838616231363633
61383236663066353861396235636261616464336264333237333236353165343965393263633734
65353535666237666564316664306131306365653432343363356165643337613365373539666332
35643265666162393365633031356562633364366232323437326338663733396336343863356138
32653963363439623233616134626661633963343466313733306463386664323961376238663933
35626236336362643364303933326466346261663432303331333465653538316636393830613863
65306463613338376332623765336462383064636637356539363132663130366534663031316335
62396432323861313835396532633664653534613231333237306234656266336363356664383235
61663764653333656366313436643266396366643330346530336266383036363232643033616364
30653563383135653433343630366538346334313261343033376132373863326139373066623365
32643334643239333033336638386162363864336433626634613239393662323666336132623338
30626439623663663065393230303263396666393837643139396665626363663365333539316134
32393931653064636333326236356434336561323735623933366265396336303939613137393538
65353261393733306366396566316263333139366232313532626231356130346435346136343662
62363038343866363733666466373966383236323835613030653533363863363933613265316439
62623639663231323837333830386664383465616665633834393562336336626534616461616430
36383861613337336139613461636562313263306665353337343639613135373235306464643932
39653234663530613965303662623736323535613231363130313834386435353036386533363662
39376666376532393066356633633535306362363335326530383232303633366461303866336234
62643237666237383337306230353265666666376130356235343539383262643230633661373033
30643363306664346531653638303039326332393835353933393462346536306537623065666438
37386436626262336166626466646133323164376366393463653765326266363833613332616464
36353133353936393733613730363565366231643530616433333265396232666335386163376266
61303531616161393132316133323062666536623561643238363537303561363239633330383161
36396363666562326465336364366332653166363834616564306233363066613333323435653739
35333863633332316638326266343137346361666663333431363037393237653262373066366561
63663263373035363739326265353161343461386166663237633037333261646532
