$ANSIBLE_VAULT;1.1;AES256
62336435396566323739636266386366323161363163633534316432396438316335356333343263
3537313832623736353934663238346233376330616136380a323861363966353036383566646161
64353437666261313961613530663932646235336331643265633361333839303661666435373437
6562313632303366660a656563303564356633333964666263623034656539653332383839376336
30613435353531636331353137616233656435303238633736363335346535666237306231333537
35303433333133323934303361353634393637336466306236613466333334623130323161333961
35326539303065396335663537393162623836366664326231616565643339343464393161653266
37343837653432303834303739613930656539333165666439646661343065643032303339353230
63643830323438656261353839343238303534303438636663646333356365316163363761613863
62636338306339366537323032363165306364386234393664643733376638396664396461326363
32373234383066333865343663336661366563666436303033383736323936623334613565313730
32656139383233366534633933393030316635306438353433393563626532643361353938376566
33396339653336613933636664633864633637336638386239366532313934326363336531303031
32363236393662393532633165313663346161636139626234346463373337346131353966633133
35306564613837336562396466333639393332303032656437366539313836383364383430313934
31336437643339663965356635326566613930313637333664333934353662343936383763646432
30333935363561663238326430313536646533393736333766323465613931313138623932353331
35363064623334633330393135313734393139663234393436613738326633616633316534616239
32643766353366643231363861656334623761363631373031633866626230636139313565656131
66333365343536386532663336376665313535396463303533396536373264613130333262343462
63353232363038383461316463313263363236393233663964633465316366336365656464306339
31663265383164633364333932336139353930383534333465316264376435663764653834663237
64303530336237323632313836623336363933323764393739636661333337646464633031643137
32343062636236306162343535666431326339643866623564323939633131393731353230633732
66306633346263313365643163303039636664393837306230323938333839376363326331666435
33386636616636316463623163653430343738666364353933323232666230333332343831376232
62613062653437626436663864396166666433613932333965373934616139353462343733383730
62303437363664393362316535363139363631633038643737626137356264396164666261363034
32383534636632623530656230303137356335653830633161366332316465323265383439646666
63343564363939323739613132616163313838656535386163613561616563613166386332656338
39376664616130616231666464653533333761376631616162323030363365306361396631366539
35396465383761613435613831363437653031373362383535366166353266306535623563343064
64383834373736303339343831323934343962383233343231653136353762303166393134663062
33376633323430326137626335383935366637346130303030373961323038333138343564663336
35326439396335366233353438663635623032363038393761376663666334393461616139333863
66616561306631626137306263373930313161326161633130643839653730616331356235343830
38643135306639353935353633323761633931326162636234656134653435393331623035636361
39636139633431356238643666653039633539613435303638396664353566336534643432353363
31383633333863383336373465326464643130626436353332303132303235383562666637323165
63373266633733323839613332623962306564353033313238353033336234653262303734363163
33656438666136656536396663303335313366396231346535383336333064333963303439323430
31336138616433313738346433336339663465616131656437373562396535373663373233376537
31646433303038646461373834646539346238646230646261396234316338393536393338306537
35346335643231323730333737356638316362636430323766383831316530633131303232326237
39313735626533656662396534623237373466303930653063333835656264626538613531653534
31303239363231643436303435333364633933613531366162656363333332393334663430613330
65353135376532333830373430363764396266393561386134326337623334326366353561383330
34333063333461643266386539613833366463623635636134396435383433396637366264653439
61313163383264363261353332623532656633383332373534646466336132656138393535663335
36643733326535306431636231613762626437373233303066303537356432306332633161393731
36633564306466653765656432663663663234373965373339346132636362663164326532343139
30343332363633633435373838376431393237316432316162316431613262316563303262363834
32356564303930623139333739363665306661646133623338386632356162633164303532636533
64306262393839373138326362306665303961376434653663396639623461363366356439343361
35393738663636363166623266376633323163373634636534393330633263396561326132646163
37363066633239313665303963346135633938643131313030303435616432386135643962613636
65663433373863303530343135326464353434303638363565323664316464363734653334323035
32323162613031646438623938346539393536376535663832646561663365623838393565666635
33343031353430366662323961306236636330396562613362356232326134353463633934653563
38623365363838363464653162323733656361363734613131643732633736643238333635613138
62383435383064623865323864306235653037396433396261633531313662626333656165633864
37393738653261316634316533336432343663663132326163383633636339356237626434663966
39656137303562613164333935616634326464323638636335666233343834313131323838613337
61353766663838326533663664646437616431303538663034363365656564376238383931356232
64616536393334316665633630346231643335363662643137303130663536653366316330613739
37643034343138373134656538656437613134633765633832386237353939636433646235303139
65356337383434626535653738623563353337633965323435313432393730306532316133383564
38313233623061373339656162636238663139626163353462653230303165666337383837656638
38663161383133316664646561333939653435313662383163373034393861376633613861626563
33383963616531623638323139623639623336373731633435366534663864306138616465393864
33353837653963346162396631613964646662336265323331376264396533656531633137323465
64306635303938373130396564306532623437663066343866666332643233636665383933373662
66373931616164303235363030386239633532316130363662366330656535636262313439343762
33373530373334656263376133643335333038643137626161333135663665373832653830353730
65613037663839346334333039313065303433643633373331366330343331333339353438373136
37653232393063616663383065333435633463626435363334633763396333623236643931613665
62653265366636613364623539663931646135616563646261663030306263636430636232343935
64663162316231363533613435316536303731363139666433386638366134613836643735633966
34333432353263373030323663376433383162346463316664656166613735346633613265313161
66383065303062346539643937363637633239323663326330313263323437363532383431326162
34383534623531616164336366633335663832373030373265396538656464383337303331316164
38346336613038336638633037306664653561323262313436346232303332663465373435383838
32663637633362323061373465386135393265393739393138306233663434376535666561356135
39333036356635666537663838663231323834323663633436383766623866306438326137623566
34356466366664636433373638303334353065666435326633643961663361323463613766353330
66333333616465356266343039323332636435636166323462353031653139343435663134373837
31303939633635323534636235323934663836353862663335616638376166323764333464626535
35323437303566326366383433663839623530373136353835323135343834303363313662633538
63613638343161393632653764653231373064343263353263373336633632666531
