$ANSIBLE_VAULT;1.1;AES256
64303166613135363235656361383639323434306632326462613534396162656162666631653133
6533386633633661626663313239386465393761306535320a613164303930303061653437623239
31663061643931653965623763303961396162363337393261393061333836303664663662343431
3131396663323961300a636431616130316465616166306361353739303438386666323936653033
64353030353538323239363139333531353831353232653536636337383766646164633635346562
37363862323733663665636330313539366465653434613135313731333837636231396263636631
62646531373934383534316534666136616534616464663362613934653666343637663437363232
66623264383765333139396263356237616335373830303838616532633666666136326161353863
31633962663230363837373535663966373333393533303361373739393438653466356131316137
62613633356230613661376533373165303236333338636332306530613739393936323531356435
33626630316364653462326537313136663233373831396366306161623666373361306161343438
32323534376134633133356433623361336265623131363861383837373033343231653563373136
39303636346536663539656330383366333366373361386461653931303166333235626165323434
35383539613535633762333534363236616232333331633837336164623437636136383037343364
36363565393261643861326261353964643930386130623830376239343365626238346137393330
39623165363436386164393538616334663031376665303936633465353831356263303533393863
34363936656235626365656335383739303634663834626635353330373436323135386634353634
36643530323931623137313361323339626333383764373766666561623835653266623935303336
30653063336235386263383630366138306337333833343631326561613335646539373531316262
38393139386531363062353865303230613761306331636330373639393864346130396332373132
33626430393937636536346366373966363137613439363262306534313036366531383262376263
65616532626263623033366436303964646261653639663730363661356663653765666438393034
33666563623961313834383336303937643035333936633334663439303739393831316432363231
36363133636237383862656534623262343032656233366465343438313766386231303536343165
33333463363935383962396436653835663563303136306564323030356362666462376434333637
66386630346339393431333862653336663132303363333934386632363135306363616336343538
62656538366336386666646135363132643334386666383638633261333134366438623731383231
31336638363165396164373165653731633137333563353035663964383665343836383936373537
35333163663738376266343837356235326335633238313130353032343632636264313062313162
36653434303139333630326362373036373336356430646265306633643932666332656436356632
31656430633366333564616562636237356566623761393761623566653435306132373630346632
61643235363862346361383933626465336465353435636132333564623261363864616531313735
37313830376465313031646131653662393762633231343036343439383131393430623332393262
30663933666566646436343661393032373366613265336631373632623762636532363761383763
39333830306136656566643062393332376236343930643139656534613130663036383136323832
30666162373262616534333033303533363831373438306431373462653738643733396362616166
35346338353763666362623661383034623264356161396432323665336530386136303364646231
37646363333435396361653163616263663134626262653637393737623561353563613661333130
30366636646239313863656437333530656661303038396330396665303966613166353831613837
39656135616535346235373432393933653062333031623862313561616534663230303938353839
37373933376336666332313966646662396462323731316166376530306136326431343139623365
30303963663133636163616161366439343662303863326631393263633936313839323065373065
38663931376639613737656132373561323134613462343166356136653163616162336363626464
34386536383365353539396461363732653237616166663038383562663130663034393463393563
66346237356137636137393431626236643335313662323939636433663534636663346365376333
64613233636533613333343764643866313262356464326161316531383630376562386130613336
63343633653434313231313666643033383932646161306465656136616637666431653835653739
65396232646636613961376132636664656364616138353437336437373661313531626561333161
37346134616439643938353538363330316234383132386364653465326639636136383163373663
64343861336466383065663666623738313465613533653931343862613463353465653733386239
63306135653536613130646232666238346135316334326238386235656632303331666465623038
62353332326464643339316138393139643136393762623635323062663037393937303536646339
62373262663836316666353566316330343339613561383839393364386632653761313566343830
64613939626636636464633930306137353466313533323263643737613737613464666561613730
39356135363662393362376334326135633165636363636234623566343331376261663864353737
38396234666163636335646439333036646238343334373466336139666564343433356434363362
64323133343833353936616436396333373331656239626566336339383565626236373436666561
35616566333534623964613138356231653632653063643362373265643265346337663462326235
31376338303138353839663433613865386364623562376133613836626637623538623865346134
30656339613236616563663239356264623337653166393839663463663630636131613034623430
38373831633061393139636165333963303733353161376538343939636162316666643137313266
31396563376130396365633866646666376533323565366432353261636666643932306133383164
39316635646435313932633064326236626562666163643933366631663235646533303562313664
66613831303136653830623230353133616139323461323265383665636361626132663636326566
65623432633061613338343162366266626530656133646536616334633066333931346438626631
62363661356266373262353436383130373330353730383766313561303430336266656165343731
37356230326639313438363033343264656636323465353764393363353234663364323862346333
30653333396666323464626136613230646531613864363030323336653863366465383765636135
35396231633535653262316166386237666430376162386636323430636661356463303936623465
36666636656565333135333230303138323062396138633664323034656630386433306535643730
62303866643534316166363163393861353332663736636264373138363566653264363533323239
65323564656533333631633935623231323163653231633234363430653961373865613631303732
33313532633239306539393664323937663738623536386361646233663666363533373935663166
36326266653432633863346562323930656462356535656638323434303936623033313930653235
38643433626532333032383738396234653731363161643830313639643830346537643430303139
62336639383234613033633062363166373839363331646136376361346665323530356162306630
65663231653935353736656131376666306530353333326565656562643736333336666135383561
30626263383136663638343564356438626166323063383439363933633232366331393134653639
34333535616331316231623037353536613064633839383465656635636232383430616135336138
63626162656563643234386638323739303763333138376461326238363262393466663861666363
63663334343735313561633962313535616466613239663264353661353132343262386664386564
66393631326335373038623866336661633863313131343232633634326638393462663664376135
34653233326163393934396137316361663939386137353031343033363062343438613662333039
63313838393564646664653230353335386136343064383431333231333835633762303862346261
39336666663862336133376634383633656339366233353262666538343031393330633932303866
38636133303962386363306339313163366265396232386666393563636234333938303361346533
65386661343335656539396635653366613637376366636538343365633539316133363666636333
61356638643930343466343138633535336539343663623238386439663037626230633063303834
32313637653261303162633034626234366361643233363539353938363336383864
