$ANSIBLE_VAULT;1.1;AES256
38643161646230323730393337666634303263353039623466393565306632346134343063633535
3765316437396237646331323636373330333532306138360a353962326465386639386133383633
35646334306265656135616561366264326663623131643334396666353833376130356661396164
6532313332623739300a633961393136613237356232646165363339343632363830663637326436
32643932363364663566636533643962336561333566626538666365333365303230353434643032
39366133343966313831386565353639386136623065383061316166356363336438366163343761
66343238393734653131316164373264643532303334633631356164616535323036383661386336
31313861663635303231623235393533356463373634616465663234386633363063616638363035
36636166633564356263353537383362646263623933323533323638343064326435336261313064
35653637336661373365633565626563376161613637653062376137323732343465353133373336
61396436346534643536333039396164353733373938653534626566363736393837666366333665
36366466356466353231633533373762353634346630613566386365373336643830633130356230
32383236383162653833343364316133336330326331306639323263636665323536653935303933
63623638303033343066306361643733663063313232303133303539626235636235393332336364
39336431393633346435363138646261626464623232346139313362656161623431663064646232
62363933656563336438323063313132613633333361333766393536363731353562343832363037
31656537396432616537646263666331386337663765643239333232396562363465363831316638
35386362623030306433626434666462653134653966383232636231313837333464393034393531
66306264643239393566393836623762613631636563656162666166363566346136633434333862
66343030646331346237353531383564346334326635376633323530373766376135383266653635
33313235376438393533373439323639373665363661393834326439333938646332356434653163
65376162303239353963663861303539373734356466383963666337303663653537373735393461
64383630363138613439316332636365346233393430303063313239653132306566386264326231
36326362333232636462313763623561626666396465653234326233306130303839353761616565
37306236323964626433613036663934646137353765666366613864366138623137303866373033
64353065346661656430663866336265643966363261646135663064343266666261626337656263
63333263386538393333323462326438616462386530643035396662663966303138646130386262
61663435386266313234396136343139396263616234383863666233356166383762393933663862
66656132303336646462323238326165616132643835336434313832333663396337323766363064
66656335323463386366386431626664383632653631323236646264333233623963656165393165
36633065633531633461613232646566303930366639613539396463636539376631623533653063
38656334353936333863323965313332376638613164643138623164303663313934316532376234
63656636613333396530383135633061613530633038303166333261343833636138323134663765
31616135363236376530396530636230323338666538633764643134616434323166303530663733
64623562303730393161616464336434646262326664363436393063633165393335383438376165
35363032303163356433363530376331653765626134653362316532646232363162326532623033
37373763396161353435623035323063666566636263366433616639303530333937366364386262
36373161313661323261666661626363366138313132386532306461383964346237306237376361
38633634623834613639376233383766653166616465363165633538663239363061303038383238
62653764613764353564666466336338303061633232623533336434373134356137306162316538
30633134346335363261653236643038393039636238373462323534333735366465383361613931
36373134633262663433366236313234613931333336376661373664343364613835616336623534
36666363663061306234353631306161313235393161663865656262623162336535326332316339
65383062363736336362313566386664303339313761663761376538643862633433363266303938
37336433356436623434653561653336306464626638356264616139326562353937376632613663
65373736303838316464353963653030396263396333336637366264396662346532646532633561
36633861613336366233393439626262363136336166396630363163643731313262623534376233
66636237356266626137313735633565383737303935383563666464326332363433633864363262
36633863376266376435353532626464336639373031623539363862633535646266316239656165
31326530633736633061313731303537373737386661653338643364326330663332646563333737
35396436393637393762306132376362303366623663653039316535336161626238306466396463
37663163613530323839346339393564303032313732366232396531353364333664643065366536
64383032303066336532666434323464363031373937306339636436623230626261626362363561
65393663373334663139643330626165333730613337326435626163316430363839323433613730
66656230363636666365313439646434646330383632326461343937326536633766363737383564
35656335613331623563363938303465343930623937323039316562656461636538353266623936
34316538386330663934633131656236373838366433383961303933396463393731313330333366
64376462376265366334656134356366303366366639343964336264386635303438343831653139
64326230303239373361363964323037343134353962323232633562653166636134363334346231
39626562643562666366313266343533613534363732633165376363336661643862653934663339
33373031313339366533616265623166326432333263356361323362323136353166306234313738
39633536646336396237643938376262373138376661626333313330356139353261363066386136
34663862623466346663343139376161353135626239363338633337316634383766316565636336
33653632376637356438323432653435363236623238326136336261386638356232646233323064
64613365633032323131653834393862356665613438323731393236383131366363386637663135
35613635643964616535336163626438353166313632376364356538633036623263326163396665
63303265353232323137636134393032373136396366663463356466666238663430353937613062
36346234616331326661646134333466623666356665353162336431323135376532343935313164
66393333383533326534303531626232336134636131363866616536336638623732323830653830
63666264316237393764393666306430326264383635333666653565393664336133616132323939
64623535346638363462313938646266356635643564643130353236366536653733643337386362
64626537353132613732636664643932303935343263653236333038306130323166393337356464
33653335373939393733646130633333313939613863613932336263323066353963616638333333
61623139663439363666393436656465633064333763373036346538396631353765336430333236
31616264363165353030656564643265613439626134306234656532326462646634323733383363
36343865373635613437386235383034303466323136343432333239343763623735346566636263
65653839316134366431323933343439386439343735363834316563616663613565333966343366
39643532656337303236356662363536333437613437663262323633336664336437393133306631
64303762316361336536326231336265386237333566313934653566663461356364396666373531
63336637656330326433623137343938626239396634336233393562623030326534316433313463
64383531336132386265636133316634343538306362623130316561636432393232646233343638
33356630303864636439626134373261323266333065313264343961383231663230373236646434
37613237656536336432353465343062316661353263323538393935636663663839323036386265
33646435326238646230383364336563663637613762623432383765643936343062653364386332
35616439636463613362333962346438616566663534616164316633356631623961353039363531
36626664346235666237636336356433666635336461346336666266663861373037653765333862
32656363613736353934343432383162613466393634663663646130326166333732613464346231
66633631333164653863386562356361613632643363643539363330626264646635663233363732
30623430653935303330383733316435303932373136363837373762643264303033
