$ANSIBLE_VAULT;1.1;AES256
39616365386636393932646361323465373538613464376361633465303063343335626266356235
3031643462323665643965613863386333383661343830630a376136366131376631396638313236
39623963613666363165303936633738366335626665633438353034646333363438353033353335
3834326262303763310a656639623538343638306466636136653966393731663835613764333865
64323339613830626130383731336161613862396230393436663732333862656539656332633238
36333565373630383435353635346437333739613962616634373832623739633033323031363863
36366331353064376439623431383337636233373539656665386661316233623035323039623566
31336463373137626239346333346161656435636465316634366534613833323838323362306262
39333864643164616364636265633836393662363061613264613063383039616130643965346436
63646162613837373739366363306565386365386234323864613865316139616236653139653837
64303833383939353764306634343931366664373830336639633963383637616266343132646665
63326266346437383331343561353035363232346261303636613437386436343564356162366439
64393237653462336435356331323435306461616563393333643331323938643766366564326331
37383534316239366436623865653035326434616435613231396234333131353233313864396536
61353061636363326361663332383432626237353066346231366565306537666565643531643135
63336131333836326136666564333563306362663138623335623335653863646134383134363863
38363139386463363237376435363164363361643261316537646335343134616231326666383339
66643731326135353263663231643163306634386364373135393039643662613534646264633431
39623936643562386362303765306237303463353635616263343530363065326264333937613734
66393731343132636530353132326432653466383530643936353636353131353764373063623537
34613834663035663962353834303134386234376366646262656461313965646366326536303639
33643362663062353635396536376539346634343133666134323965623063353834323965353263
65663761313435386135386263626564353637653364366138363863313731366334316439346363
30386338333335353336376631316137313962346530643436396232646662386638626663333930
66383936653839656135333563373937383865643566613239663763643266333739303536393362
31366461386339623733363537373164616530363134313463613764663963646562386433346462
66663739346462633565313837616562303635636535613337376636383439616262326336356336
65633735366532333734343834323066643961343065386634373133363730616364386634353733
37663134376337373632383235343332383935623738623539666131383637626634333137323039
61643764663038643034643435383065356633663330313065663566323362353130356362646266
39333166363763336262653631353737303732396438323537633430303130643366376131323431
30623837366631353835396334383966656638626535663564303635303531313332353837633136
37663438313334613237653066643033363165323836373830616639323530623331613134306537
33333630373231343466646366343234313063393736313562326565313835366363373363653130
30323264616333346532383761623837343039633363393636386231333666303338623661326362
61356534396537613030356661363737633361633532306332623834383737353034323730336133
32306563333534623464623832636264306562636532656332356662303239343664343964636232
39323233633038386230633337626266396164303864633435366466366666633766636361636665
32373338666363373966336330663339653731646237306635323162656637303939616666393863
35646565663935396463323833313338343736653031656166383737653335393139613062666632
61383064326463613330343965336335643236393137373733353139393438323836363837626331
33373564363463333538656133343535396661333961646637346239333138366237356231393937
64343933393430653161623862316130303932316330613964326462346336303935633238633736
37343431666266303261636533373637616636643661613164363933316338376634373736323839
62643231376130386335303362396464646236353462326338663636633533646332653236626261
32303432323935313065363234353963336666363961633566386535636363346338343561613637
34333364323532366264633261393534316131633438386366336466613136363338636365366536
36306164633966636266353836363963303938663765323663316666373563366132396137366336
32363135633232323830376130313637343738666363393631366333323763376361393339383864
31613637316336316164313736353936633763333032643239343930643366376238363365353264
31666239363132636633383332303337303735656565306162333530393265646130393636313963
36333661313735616563623666363931306339303334326435373839363130613861633464376131
62376665643864313835643031343466633833646539396532616132383864383435353935386335
31356631383265343264633161613765666465363736346235303562326134626339613831633930
63653231626133633265633830396461346633383030373532346161366164376631633333366562
33353863666231343230633439666134383963346662623931653637346335376135303031346563
65373938346636393230313933393738303039386533393361303337643663373163656535333930
36383164623031626364373130346365633130383138663532633263363439393030363737623736
36383131386638653861393561373133336631653435633166616431633731386464373466343465
64363633643637646531353565653465623866396339346162306431373338343031653265623730
62366430373330646235323935316239303766363761623836363264336163656562666430326262
33633234323261643761363839663863373862383934663138616234663538313461633665613637
65393734633966366335653836306436653730626339653532313062653735663132323933313564
65623766363332656638666633613334653335623633393864353132316566393062636633316335
36633264333831363866343835366166393062303062666131643531396662636162373738393134
66633736343638623565643339323736373565343666383839663664326363653330646432353665
65333536663764623936343663373031643362646461343630353838313532343036393137383962
62666162353362353736373735363764336234616638376131343634613338343136623363376435
61666663326535623536353635393339316333653461613663613635333630373031663366633766
64633132316238343635653437333838373264343833313038386337323539386234383834633830
65316234663436626138316431633233373133316163346138393934386264363935666334666530
37633531626364353230323163666539316536376365343430303363393135343565663534363135
37333637653762646265393139613634373230303830373663343564623533613637323938646161
65343238656138393036616662326263313535383964613831323461316564623361306534636537
61363264393333613836383938353738643664333264396231303161303232633738373065333532
33383261346534636632303964333630653436386332396231633339396161313732666364643331
35623932636365383363623132636237613465643063303564373562356638343336333362373638
63363634623337373634626437316538353736336438343031393063653735303362306662653030
62656533393639626462633534373434623938313433343066353438326432323933336664636366
34636362663434306236363633636666626363353764656665333335613566366632663835373364
36323865376464363833306261303435643134373439303336353965626638646432663332383062
33616630336638656166303339316361626562383965336637613262323331613233656263353661
38613462663733363739636636323530623362363262346266353432383433643137316365636363
30363935323338316432613334656236393733643030353264333030303832656461356639316161
62653165376465366239383638356431653837363464653764396436613265623165383262303834
39303566626362633266353065396434653562366564316466396434323261633638643831376332
30313632666466363763343334393032666633343465336139363262363039613662386332633564
66333761373539363637626333333931633031336235336530613837373631356234613836653038
34313665353265326363346535356663376561346630346330396662613334656339
