$ANSIBLE_VAULT;1.1;AES256
39663739353562653031393433363231316364363538363733343636383435663937393836623662
6566323361363161653763383964343035323036393831620a663534313133663561663939383536
36613566333234633763336339326537363331326530383739363162393931346138616664623535
6239383365643233310a663239326639353734363936653339353032633536633739613932613838
32343639363734623935613866323633613165613533353961326666323235386131346336373533
65313333356337323964393466656165316266363863633035366534333863623366313238626531
62353637613632363035386466336435666536303464653238316532636132343733393866666531
31396266626135653665363763646163383237333766626366316232313036643138633833633238
66306336326130386134666462393564343136666339616265313633373163383537306631313966
34316133303633663062616230343137313164663539373138616639393065303138366437373133
30303261383133663339623532383130336236393632333662643038326363343235383863653932
64643765343537643431346539623930393837656132633536353535313566353030383162326263
34363532333930666264653035383432373638316563363739653936346435316230333733646265
34303030313535343163363137663831376535333436656466306163633861633962316235306435
37383633633534333263326138393339363732636136333263633631353934343465356665333734
33353536386265333639633963656338396435323636376562326635653633613735643263393065
37356230376663656336633033353366636638623531373061386537343336626130333862306437
33653638663132386230356366613536306230613534386238343033313733303063613164343062
39663265373639613637653038353134386434353362333730303766376530663864616132323036
37616432333836313432666238366465333632336537386335333766326136313761383936386361
38316264623338363062343030366261613938336334356365313739333732373735323463623537
63313831383536646362366135393865633533356335656330373663356432383033303538343131
61616663363661323036643762656631393833363365306263303234646532386232653132313635
62336361643736356364383937663462633130626339613266393266393861623663363636633736
39663132336463636130303066633864653864376135633034666262303130616664646438303238
63353038336566343235613633396532636665623761373466663233386461343637656239363734
65303631353963663730623862393636666534336566306230643537373535306235353761333939
34316462626663623730373634616166386266323539333635613532333662643639306466356230
62356462396130653964643034636463633934656566326464613264656239636361313331373361
34623565643939613334623531666438366234663132656131306562343339393934663931346237
65333731366130376261373463383030343238353634306534613339623930343930396432623337
33653038626630343866646336313466343631306231616562376431383934613365353031666261
38366666643434303831363766633938346535626536396233366531646661313665323433386134
39613164663835363034613936336330376536333532653737383265643236633034613663636361
63643366316261303263313137336664303539303662633862646333376230626132656164633931
62306236643837333963623962353163383037623634336666363337356264313362646164343664
30646562613037316264303335343334666230663331666466653533366266366137613439333561
63326230616636313437643830626431636637666633646461356662346639346430663434313531
66363065633633646332373765383366323437316534623331353665323632383966386662613465
31333366616662383630623232343735316438326566313438623963383664333730646666353462
38653739633865663938356362366566653531303638383932643763633161623434663566343632
32663963613431353534316537623463383865636261353134636231656632613538613563643866
63346639653662393335336462633962353938313431343261343734323363353834613536353430
63356561336266336164386138316633306361623163666466636631346165306432643832393830
62333835663138303834346566616163613062636465643038663332303432353339303935643336
35346233396438353866643465323036373361613430656531323865316638333866356663663233
33333531616235303264643238343763626436616336313238666134343761383936633836316363
65366463343735363039613430383137663034643036306531356437333065366530653036353664
38663835613730323936633939636238323534376133383466323261663438326339383266393831
30636465393365636630356463633338663537316635666134313066313531623966333164313666
64653661383834343466376230656236393531363435616430646639393362363831346334643637
39353036313631333863336235663732373461393936373030666634303038353438396431613139
35653335653336313130613266313563373837316638323034353836336138346630383762343335
37373562303438393435646238313366623663623838353066643431343861386134386535363263
66663361653332383731346334326235313161306538363162316565653664306265336161613631
35363933616661303535336261663464376266376561353261663765386139386231343538356235
66393464376561333864653532353361313130643864356232643665636661373633336365306234
34613232343331386534323565313262633730366564303234626461353634393134653031386266
30373162663663653930303262396537636531376339323935393330653438356431306230343131
61653031613933353963373466356132626434313463386530623036353466656637623865623161
30633961623631623533613566333233303665353934376365313930306630633563653030623335
63663765363062626163316539363465643835623133613932306131656661623239336263346233
66383266323965643637363232363665323965616363666261626339343666643632326137313531
32313032323732393032663662613361336261613766356232306433356535376239343030633939
63626162623732366563356639623335363663666565383461633635343439333339623464383234
32383338323936636138346637323836393732646361363335613530306163626633663931356461
37666533383666366630326531336631373434636638666534633631636539336433623238313637
63613039643039313432393636626231653961336366363431383239643264313436633930643038
31616635343233633965303263313266633765653437346262636534363363383933643063376333
31663135393935656239323635633661643832633338316433383534373737386637623835396234
35656565663231316433656461646566316337323465633564633065613465623832363439653939
37376661336637373139663964666430333830363963356262393831396364306335306634653461
34393735383961613835333235333038366336626136356137306463613435333738393938313135
32303033346335343365336430656435633133626664353231336430313230386539613939633932
66363939636230336264306638363631663134373164626631383164613164363538346331333038
32663939393535366562666565636639303938366536613438333964633437666237336633306339
33636330376361346533643030626637376131636336633836386132623438613733333762326438
61653137616563373931633436313536366363313763636433373136363934356237656262396630
36316437306330363864663635616135303433393533613136623565356436336232666437643265
65383066313963323461643035343633626138613638653931393932373863323437623430383233
39303739623565653838616431663332626162633433616339383935646339313661643064316638
34626630363738313830666566303831333739323339663133633561306539313733336633313637
61663133663863616631303264316561373635326466303936383061373664633031356432653962
39393431643934646363346238306630616439396462323335653231313633333264643762396665
64336266383763643461616465653031633431373062623262626562643836396438366630656261
65613835386135376438666261653036313163386534313464383666633837313337616263633437
61646339656663353235313833343462306564366165663439353333343935353832323532656634
64386631366436623262343739313466356164343538356363323235313034653137363939373732
63373438313162663662313732343735396565333434653263353061373563313663
