$ANSIBLE_VAULT;1.1;AES256
61373335643865343131616533373735393565663337393632313933373964623263366262343433
3266646238393033643036383665303566356363613035370a633739616231333331666261623064
64303437373736656464363263353138373664636631633239353031343762643665393236626339
3739633666623934620a396332666335303561343266343466343461353531373665363734656638
61386336643932313939383034653232616662373534663765326131316261636138316135383965
30353538616637323033656338653965356436306564663435623235353330313931303861373566
37643665306561303235636563663539633038376365653732343665663537633332326435646333
66336133623439346434626564383161633831626432393139343965663539393734346534303962
64376331306134303739646235313332383166323236316565656130643038626239356166653737
66373338336661333035653565623762383536616235393533623366363937323931363236396435
61633738663132383438363565383238303063656565376462626538306534393939626133316331
36333061336633386234613035636133363631373335333830636334633936646466376564373931
35653735356439663866626563626363623434626265333963336635303565396537396332653762
66656533313236336238623531316166386133316535373938303766366664323164623766663833
61306334376464353635626639623738396131363236396433333630613231333466623034396232
37613664316363363133336565633333613834613831316433396261376131303265663664616666
37316666666233306630346361383638616631663162623063643130343031323233663239373865
66356335633338653638383063313463353332316331616331323731646234646133373065666131
33383361373762656262646265633761646262333439323664306139346230626432616433646336
31646536313935653862393030383939363564343163363036653339383931633764356363303966
36623633623437353230323436383063353065656632313963623638343363303831326533623162
64326165346561613030653130343730666362373665663136363061623766396262633330663363
36313937373936376334333833326366653531636366383134636632363533313135336636626562
65323964333432333262663765316331353535303962326664336665336162333562326432346431
39623530666231633539353166626636396238336538653762336335353632366639373434303632
34386339393435356264303432613134356431383663376363386331656534633166313339323433
37626566633539306261663366373637393132376561316334323038616638663739626461663631
36666136633265393961333564326462663365303935366362666532666438353466343736636262
61363365303962353431646465376338366437343334613265373163346539303835396537343334
33323561366632363630663261653231363132376335303661366164623730656234643235633764
61363837613839343530396138323163323238343830333463393965633262316236303361353531
39313266353135313836343832383761636164623062383237303836343139663162313135353636
35393035306464303437613864656439343931663436356362633432333830656234383634383537
63616433353539396263343464363737613064326138353063306534653366626531623464663263
65646164636130333163666563613163653733613837633431376134353333653236643634333464
39333935343837353764346433666533393361633733333332643166363830386562616438643532
35623266373236636365303165613064306335353034653761363332303334633864383138333231
31616539663235663761636531613865633232353864366162353862336463623733366130323764
36303233613538643438336361656561316630383331626537376466336534623063633337386533
63623432333639616235333864393263666339343232313263623731323135646130343633306334
61663666346361653563303762376263373063366639313839376165326361303235663762646533
62333732386635653638303332626230356662663131636162353130326366333638653064336661
65353936393463626338316332633035333063643966343238353431633835316462316537623331
61383661303832663666363161663838313461366438353933633134613363373135666232323234
32633332336166663733373063306262323330333034356365643430386138353162633266306535
38633538653137356364646232613261653930633032373535636162343762373065353634643166
66313865376132303430393334343032613066396233383939346238306237613131643866363239
35626562333437316533316165313331633064666437396233326132366164303030656135626266
30643033393636653339343664326531626334316139643031623030333238636330663232653864
34303637396438646430616439356231376334613039363964343165333262323234643565313739
35343765386137386563306462336334396336656535313230323837343561643562373965386139
65383939623239373237386362633264366164613437333263353238373865323737666463383039
32343137386638363762646630636230393762623965616165383536353932386364363730633331
38333061633762643464653336656439623830313030653963303630336232356461313465376364
39353863383730616462333830633164383434626264376336663764373061333962373539646436
30356361333366623931343435643434313938376662346335306461623461613937323961353464
35373462613334653364313732626535353137316533386565373533636539633836666361353064
37303663653839363839373637386437663837393663366634653563306636653030646431303931
39626433393864643234616130613635636564316535616532326465636463333263336639396639
63623663343434343433363438326565373837636338343636646339626632616439353165393862
35313166623833343765616531656164626636366339306132643665636565363432613934653733
64323730323035636538656365666662353134646466346237353638396332333239346430346664
30346530333632333633303665613363343630353439313733663966623963393031666636643938
33363739356662623233616265373733653130633932383437393438383061386130643266633133
63373064393734663839633438306532383637373635653730313766613938336665393861653034
36656563343938376261343231316264383562363962336432363039383238336564356464386333
33653736326537393335373935643735323835376134343730613165346264613839656133323064
63326631633830393064623236316434376535666338383362613031366337613736336162353132
36303339356265356563336136303363363833346338626331343065336536303562323762653630
62616239306562616464613264626238356665386437383439663764346331626434666632313835
37393061636665653263343031306330393338323838633537313330656233393831376266366165
34636533623966366265383165303033333137393137626265653839363734623332323864376332
39303630353163396263663331363932623165393438666664616439323236336166613738323534
34633636386366613366306436653833353932623961646230646138613635396266313532346436
66633136376639623635386236396261633961396132326435353934336332333931636139643562
30613863353065643631393439666139636164643330383331383837343332336166363234326666
66316133346164376633643531373337333832643538366538633862363964633234393130656363
63393735663632386364636333303738313566636635646264316561656565323037326431653561
31306631636665653337636564313337323236353131383230346237623261313639613538303736
65333031386539613133326633353866366633306430623164623662326637373164386437306331
38656265303537646331356334333465386564386165396130346361666433303534323036396535
62616166373062636461326563643034626362626336333262303063663263313766366438666461
36373835343038303565666336373838653934663964616435636363646532306661646361653731
31373332616335656536326532643830343363323838316539396162346364323662363437326334
33343264613966323833373434326336303663633633656433303263333437396364306535616133
38643238323339383462306464353766656634316337343463363638363431303866303331656162
38613639373362333931376435336439336334326164346564373133633764373463633033393630
63646162656431396239363233343235386430383936366333346538353561383431636263613664
62623838393363663961666430616463386135613430376438383639343534303838
