$ANSIBLE_VAULT;1.1;AES256
62353631393762396362373336363237363334373261613838636530613838303839306632646539
6332623836633566616531663830633731666535656639360a363263616663323864366365366166
34646539333738633266326565386665663633383337313137326664666239336262323964326132
6537346137623163380a313535616336323632656162656463373236353430636436313532616536
30653631323639326530373636653436623730626538383062633039323439313036353533323535
63313731333262353863356366363633376665393066353138656566653735653135313366613062
35623332616566386136333463366532666131323737656238386536383533353366333062376663
38643438666230616338646564336435376465656439393162396131363662373362393765393931
62353765633431333864636631616631636464643631313661663737663833376163623938643332
66396134653562333661313430316163626337663838613561343439363138643238303134336163
65356165313136656636376336623230633830313962626233303762356430316534333065333462
37356334333063396139623933636562383136326138366435356363633133373632636330306631
64613662356437643535346338653433623334623930643833303065643236643365326462316230
31333930386438663831363931653230396239393231633335613533666661393466393936363538
64653335323862663663633333663336343063613331323638643034666535633739333964633965
66373762636334333932636562653939623664356532326139636366383565386365316431356131
62363666353064616435346231623933636633623430656536633864313635636532366637623262
63363232646130343732366135373965616436646264306437323835396532333133326337656430
32326537623531616134306439373030636137656234623465343033633736393032366262356362
31353335616165666638323538366530326338363430393634616633396433623639633965663033
34623238646466303666383939653938663237393131353734343062633866656364613630353337
34653933396237626537666235326462306631323466643036393865393035393934656364643137
65613735623763323234313765323338386130383037363235346666303231356337666165386362
65306561366162663634316432646465646461353339313730363134633032633062623565363233
62353265666339306336313366653739356666353563666164303662336438366364383031393033
65613066653062383962343930616661323734386131313237343635336534356632636266666137
34656665383866623761396462343365333365633934643062353962346562383865643062613564
61343530363438626537336537613130626362636536316534663836323832303437363061636130
38383532376664636531316562663439366262363637643637633337323065313735346162626633
64646138323231626561343365343162333564363935343034363136313939303333343935393930
38633866303965653330636434313364373964343561663337636663353135343164353834616166
34613837333639343963373932386233353833303466366138376366386165663164353736663536
38626136343836316136333966363535333138383535366564336462663362363838316238613461
35663865643431306333376335613661623538396333333962626363306538346330316136396633
39623634386231336131346266363139393461353433326566333734333162393333666161383061
62653936393862613263383666373533323632396563613538666261653965363566333430663236
39323662353461336465373565376130343538356335363762643833663230626234376261663364
38623662666163383263646133636461353462656130376664366338653265666339366563303966
38653839353861313931323464636632363135356465636636303435366135646264646130666337
30376163633062346262336637376438326530353366613266326333316235306530343466306539
36313062393331373537346361396665373430306233396635376665373564613265653336343535
61313961363132393564613565633862343134653233346432373634363036653631386466366434
36623364613835383465336265303863393839366437386636343064333334643834623166356463
37383830366363336431363036626539353461623036653335363862336339386239366234343436
63663435383962313036613462626138343066616666383139633431363662346634633936626565
37366235373339323363383761316230363439393064396238303063353863626439366665383534
37613135653433383539643762643438623330323363346432613136626535393965613465386565
31363766373037393261356163313231643234623762323235356461336365376262343534326135
63653363313730323235343830643237326162653164643564363834343035316131666462353764
62383436346461336137333666363438303165613464326164653563656338616532346461323366
63663538396334373037396262343264326463346364343638366431396139343130306564623663
61366135616635323338396235633937313466396266323836636530383533613761303933666438
38303137643837373365353031386465333265326136643336376237643165613036383266303564
65663064356662666434333066323164383362323631656533616463346538343138343332326463
30653765316636336132336137316631623833613436643565653533316330376332666431326539
33616638303230366537663130656563326635333565393535323866663161326133663937356366
34623231346465313462303033363631633234383436336539303635323562306566356435633264
31343833336530373138306465316438613564363934656363326632613362343633643937363532
65313162363430626231313464353066613165396138633862373465633866666439313839323439
38623966633866643136623965623261343965393661323863353137303164376136623138353161
38366532383030393162313231313866633064633463613734336265633832313633636163663536
64336130633864656132616662383062393736333636363734623161653365353736653363333066
63303835373931396633303931393632323664396432353234353566383936663332653739303838
32663264653536623764363866363465663432383530376235643934626462363664666166333639
34306238323232616261313562303338396162386335316630313533653864393938633038613131
36323831366366333235613032356234366464386335336334646236353731363830313436343063
65366462313639353361326263656138356164313733663930376436646434613463613666383665
65613161623630653965616465336362346231326530316639323230333334346466313261613764
66663465376237333731613432313836386364613736613365363961323366356239363639383131
35623339383834353664383039363337623631316265313934383861313063363165346137323539
61313339623362383734383538396138646431636239343436396331383564333935643766666336
31393161633838303562383131633465353539646433346535636139626263646564626163613261
35316530373533396235313536303063393663623130613766353562646265386436383830646263
30643566383531616430323363626332396666363862343638343261333566353637393463336465
32643666663233393763666663626531333239653066376366623139653462643636386561383336
39343834373230326332666536646135326138303363643931393131623434656237353566333335
34343331653464386338336235663932303766306335386361376336303163633136323732303231
65613666373563663230393037373561373338376630373366303866643136316435316166333430
36613433646364306631366637363865396564653132393031363338373563313433393734383838
63393039323666363739653135643563303632323431383461313637643730386264363831346137
31623738613762633237393838356432303034653335623135633731663832396163336433646632
65303161303965653637393735336634666638666537666630643136333335316231626431636565
63653334346535636533653464663663656262613439653964666334356236653538303564303134
66613665303537336438386432333430343631333666303766623034636563366530623861623064
36386430623264666333636635343663373361353438356137666632326534343035343338656631
65623062366432353535393761306331666133666361613035633133666431336236353164376265
38343639633535643936613364653437303031383334323266346665346539346632663736303739
33373563343961626561633033393638373462373463333661393237366632306564626664666638
62313935326163393731663830303030636230626534343066386431646132373030
