$ANSIBLE_VAULT;1.1;AES256
39323032373931353635373666376563316636636364353133363635666461383035616430316539
6166353232356361343236643863613965646561613661320a363135333736353266623936323833
30366139626362303038373961343462366330383866643738616636373339616331326631363962
6139313439376263320a653331663265636330623465306538323461366663386435396135666230
31353838396630376165383132653430383039333735333935663961373163313135373936626564
39363730623663343561666438333836356162666237386237623965626436333634613030303134
66353366376338383735363735313132643862336565613830643364353733663430313638623966
34323234663235363063666565383537356266366562373363623135323036383530386664303833
35616633623035373135383030623363363732666135613561396330353730366465626233616634
37383362663764386539356161626361323334633230353134636232316463383030326235376239
30373635366634366633323961393432333734623739306538333432373132346265393135393865
33336636616139666431616161636138643636386636643663306136323864323864383237633738
62306465316230623832623464303131633161663331333637346631313264336338303838353361
66663365633234333233613861346330363162396265626237306635356265383561306132653735
35623066313435633535636565616239323035663535633861646364613233316139376436663839
35633962383031623836353536333537623538303364396533353661666632363037323466633064
33646536646665323164363264366331666562353135666233373961346536326139313834363565
62313030616135613062383165313762633639396537356562323263323464383537623866363035
61616530653931363239393739633037383634663030616632353239303131616633333462306564
33643633633838313666396232656138393738366463636639646364656433343537313131333234
38363662333835343536633835623661616264313261636435353336343537346532623064343235
33323034353362313361396235336438356636373065356536396261343939353932643939646238
30636563316335313430643038613932306230613130643039316433393034613032336233653463
38643165326535393131333439313566386234666536323030363464336263666632323263663135
30306661666531326263326635396137613734316633356538316430303964626462663239386562
63663235623933623062383934343134373161363361633632313430356364623362353666313830
30316339336338363231613364636666643365633762363332646263626637643465633037386164
64616139363536653734333264353365636331303233656563333935393666373361346236613261
66396533386331376662333661363364313232303464653632303766333839626438613365363830
35666362373239353935303062373136323733633234363933346431633236323036326264343734
36643234623531353734303438343430663865613632396561343766653264653364616337306133
37373166323363323133346437383133666636363730393939616562623364353030313238376336
36663362393432613235353361393566663563353135376665613030656335316430343265623339
66623463336630633133623335613736633665663665366134363939643239316161366633306237
64663132366264636563386463656161346132363333353436643265326437623633383362313565
62303638633033366365613130636461313362633833323434313135313330303562373565666538
39316564396138343332313036653736333033653933656265666232636466333434373866663266
64656134326165656665366634383936633931633333303961663830376132663761666365666266
63373734623364376137626638613663626536353639643262613730396438356134396431363235
62643861346134643162313830633534663761643933623661623735323939346365663865656633
62626162623363303937356661393864343234366334336532336338383831636432343431353837
36653232356664663937343965336565353765643835373364623135613961376536633737326534
63313137323539613236313136626233333830636366643634303366646263326263306632393932
37333864386431353462383363636366373766323938366663376633373366316266323139626531
66303238626363363530623862613536373364353164333333653365626238653761376431626533
35356265373562353033346265353865326135343735663636303132373365333664376661636662
66646263376332313636623330333339626664323839663739636536623262373236626239303461
63663064323465343061613934373764346338363830653138333363663464356537316532323765
66353566643534633966663735633536313035643462303163343331396265336434666236343634
39343334663933656465663863363661663638396366656231666533333938653363343538613663
34376266333366313437623362323335653663346339306532333965336635633461616236313661
38333334303563323236306233396137313538363462336561386230386263376263363561663530
30393261636132376539346239633534373632316665313133363539626539313836306364393064
35333732363366346134353731646230346134343237323530653135373661383464653534646664
65373763643962643937623130386262393836623630393965386535393032633162356538363437
32646439323532646262343232613939376466663938306130343039343965306534323166646238
64653063393836363435636530343863376262653435633034333362663839653539303330636137
63363465323361613830363263366232666462386265616637626133336338383630613738646132
32653161313539626365653837623862373030396564313162336330636364393935643966666630
36346136393363303037386234346161323964393465633535643030626163303438346165323765
38633866353265343133613639633032313731646461663638373734393737396263353662356238
63373537393935613761613665386632323266383461366433623635396361373636663137653237
37366363336234303437326330656366656131636162353366656433353166343865663830386263
65396461343439386237666539656631333937323931643261396264396365313537343739396339
63346161643437613331613662656263633439616130343238356337613963346536623662323630
39636337323532336336393234633537343761323936333962323037313262623037306463353630
64633531333530653534633937626362333462623431613939653138303531356238353832646166
35323530373934636234336136323530316162306562383832306166333766303731316661376430
66333738343034626533643438356237363064616335366565633962373762623536666239663538
31363735373738313535653134376238383665336635643966343765356561323233376433323931
39376161666262353538383733316538356539356333633839333337393437386430643166313661
64613230613530356439303862633539623462626366323638326337353766653134393535373630
64326464656562343631353863643965613463336139363364363662303036363933333766653264
33383536623830656139653635623733316662623032363339616236623263633336643133313963
65343332653233313338643835363530653466616530346332353762303736666239363638643034
66363062613639376636323931646530353162623834373863376136386434636335643736393464
37303831326339663632303035343938663664306436613164313338643230363064333831646139
30613935623830316135316133343466376339386163636131343737636366373737356136396236
38363863616135326235376230333435313265376662363737383565393537363635333330393863
30323662653937363366373531366433623935633065613866323765613131613861366230633937
33643837303039353839666334306638336261633732346161313632366662383562616330313032
61343237313131613266326536633533333964666366386366373638636432346165356265373833
63663339373866363330303832373039623265393562653331326163343462373539313166393237
62643439636561336431386466323162623564636233386138376635623634666263383035356635
35336438376530633763623439303539333632366635613566306436353762643965316132336333
31633836643264623564646535656265626639343631666338323661653834316165343334343739
65316638323063303036363635303930623438663630373864326139663762626534333638306330
62376230313131333063396132383066326638353535646334306462303234343831343431343433
36363064383733616630636565306633656632613538303337653636333033316664
