$ANSIBLE_VAULT;1.1;AES256
35626536323665653336383964616234626335663464653132316434346165313230373930613163
6162313662656466633633663135356266666261313438640a373864303135356639656131643134
35623366313534353465343436663835643065303130326438353163396263623466663439326230
6133643230363730320a313130366333616664303762623463363932646633303537656239643962
30343265333938396134393834326362366263323062363363336363323639386230643137353164
30303664356262633765636462386266313964643033643536313539306161316264386138626332
39393364303834313432373139656135343464313465343234323835646666613663646536343264
30623636313130313761333562636538636534613732653764306435636438636361353836633165
66333938323965333036316563333638356431643666613031373664316266343731303164326538
37373663636636343436383738326534613364386130396438653031356663373065313261393565
31323731323634666362313331346637313832656662616661316661666635666539363361633430
37663338336537383165356239363632343737363965313932653333623665633638396533616265
63303033636466373730373964333537366266356438393230376561376463346439376661343239
39633661623037326333343365626231316439373661663966303061303734643566616666373035
61376132373339336432316537323464343834616363643666363938663934663538333563366534
32313861306166313763393466613439376633653764626561303032653230373464393234636532
64343265633636376532313838616137386464613461313131316430616363323532633735383461
62356166343961643538313532396536306339343234643938393661636439666133373037386335
61316662653462323231383564643063616366303838653135633466303839393130636261343138
38313564666465303736633334616138363264353662626535343334333837653166343662383964
64373039373464383531396636353265393939633634633636306439306563323261376335646536
65303666376564373230316331306639613534373966346262643237316665313839646138656130
33643563323534656434386566613564626663623935346463373762383534333237376231633730
62393366613064653261313132383330613039306131383436613466616234323433316265363066
64373335306132343030666133626463363764663634626334633230383731636238636331346361
30666266616532666439333539393066336636333162346165626537323465386638646339663161
31386263363637383561663135363833353835633632313262386235356131313932656333316232
33323262306137653136316230363166646263333738383661656430343438636161646164393234
65383533353735353633346330666236386233353934323833643137373835663862616461653338
66356539613364393533343362633637643633313635666466633832333838616638613835643634
63363963396130363265656431353936303930396562663966653737353564333436363461643932
66343066343264343930666166353662313139393465646638336334643838326662633963663366
65613337636633656537663865643530666264396566313336633839616135303535663935303232
30313630663031396236383962346135333431363232376132326462336230333536626231383138
63666438326339326662363062346135353933343332306131336230306536356233363462316464
36633764633865646636383832643836323661316365653331333436653533393432326431663637
62313331353761663066313330653039356539626330376330613039656132653636613634626566
37326461343238613862653061646665303639663561616362356562316538343261353065633162
63623062333333643936643533306538333436646631623937313666626430376662366363303262
35633830303666646463633131633833393766386232343134393362663830646330393731343631
32373231636165346535343266313639636535626639376630343663313132333437323839306564
37386232363133343365623435333438333333303965343163376233356337643932316337663934
38663362316139383235663161636463376264336437393030653835623138653231363836616535
36326630363265383263363463366363396266633565343238363366356333386461663966643333
61353761646430626265346436643064343666633339313630323733343231643739666637333235
31303166343137323436323039313336646632343433646337393233616366636532613666656339
64313662653864356464343534666562336561623233613534386439383131666663353439376431
30613263663634656164383366373335346662336338646464633865653239633739326330663130
36376630353361323031656162636438323561366266336430336536303265363265306637353037
34656265383734353533336363363131313333663065633031386231333065623165623336653839
66306462323032613363386464313139636166633239363431306364386631663633633537336637
36333939353339303733356138356638383835326433316134663463323338366437313634646563
66323866633965646638383330366636666232386633363030613031653534333364663135646563
64373439346166646630653634343165383733363532373034396166656534376530386666353439
61393665356466386132393032343164656637373662396235663263663539663563383064396238
35666539613734373434333130643039303461396339623335633633353162663262386164303634
34303838366132326636643736633738656262346666636532366632326432616465626138356334
30336534646432633535656135636233373163663464636532363530303436373061653964626164
34306336326335316266616365383537613433346561613233343135376330626165626566393732
31396137343134323762353333373635656330323032643635326464613163633534393366303631
30663066643638303233343638663137373964353930623861643836363236333433373230326531
36313561306531313265353434613566646638303133633336633334663538633834633235663931
34313930333333656661333338303665333038366131333665316132323538366138336165306439
36623165333931346233383863666133393333326130633337346633383334666265656562333333
31653430303666366265356138353039353031663965303233653663326333346538653263373261
63656539646663613562633030626539336431306564626335396565393837346664393764313930
36366165356564646134386562356632376263393238666562313464363334346666313931393433
35313631383530386565326538646435663433376131646230313366383138623336393464633532
34636666346362333666313164636132356239316231633764666235356131306233356438393766
65316165616363316332393534666664313361306661306136353130313761653764353863393165
36346638353239356637346437363361646431616133363063363630333332383531323432636239
39353331336435346135643565333231386332363366623266336231336133326435303939636638
62353363356165336531643631393531393137333762616332316535646363613132663337643965
33646566376230356239653136333364643538326666313266656430356338366164303532613162
32633764323164386337613335343430393039366434623664386534303238376566366531623966
39313138643939343264623563333164383363636165383365393536393435393766373366313934
31303164316234356635386233663864663362333536616564316331653465646566626365333430
61633133326163313736663961373966386461376335306134396166623632363332303563616265
32313338633933656230636539303431316230623464393432366534343066383832616134316665
36303564336136393138333966396465313031323530393662313336383639363730366363373132
37353762313565353866336663663261303966303237316564643631613464393166353437313861
39653662303736656530376265376466633930613337303736623063313563653163333963643366
33323530376161626235346134333439643832343935636530666135356664623564313133303262
31373337653762643030376564396538353131386433366361663465656134373233356563393763
38616235363734663363343832643261303565666161353662613738633336393038373338336562
66363639623762396464373136353936313036643338383164393138393134386630333433383066
33663133316462633664316462613132396265393564316338666336383662613134373337363031
64616232343335656630333936643437663334383132376465336465356432306637663862643837
32396661303564626365353738316438306537663835393830646138616561303563
