$ANSIBLE_VAULT;1.1;AES256
32666132366662333632343964396136326233653432393063346562663965313531333765323864
3664663061623363393232383731396633356464333837310a663165613637353639396634326432
62316238376262353265383831613537393463373436653038393539626261383439613431633366
6338306438353339350a633639353438336363376263313631396462396232376233623266383035
31386239373166613762323936326234656161636230303362616531616366323630326530366536
39623365366262386131636137386437653838666565323530326431373931643235333436333764
38333162623966376335363564306333613534616164323465373633633630333631653164373538
65656231323434363131653538656463343764373638653937353134323230623366326365353239
63353537386563373438636438373565636237653837346263383738663736613435386632633364
30616663663231643135666261373233333964646438393863373864626161336464393531353864
34613734346461646332323030346336643661613865643737653265636565633730666233396366
35346364626563396261353135653063623165303031386532366263643165663330383339333331
37353132653938366437303135383134656139623337613435336165303439643730633464326533
37663265313233623035616666373838313531383538356661623362653533313132626133336434
30663332613134376561383836316631336633666237643564616165616236616265623334643162
31393139363739393938393434663663383465636361633434393362393631623062636536613035
31626663396232663032383431353432313435326537343663303166616535316135613630333865
61613337663764386635366431393761616636353865353638383463643164633632646535653237
62633536646264316433333035626437306561663865393636343064393333623236386461653639
39326230623863623061366138303132306632613164646334336533313839333562663735643635
34383463623465356534613764663234663430313138626166636539663666393065636364316135
33313264623635633561643231373434393566393334346334336636383931626564326466623839
30663062316262396438313030363664656633663863363734386439393664306637626565373133
30396363376633323565376437653531323436393461383736376239626162633030633462623563
65333662616230316562643138656334323033313661353236373166356632623062343736316636
33333866336263623838613031633663353035386462353263383261626265333465656364326634
35396164393965306632643061363732363231373333363661623037363165383264313961386131
39663532376565373366373238306233616534623264366534356166636232636534343163346664
39613036393337646161343636633961636266643731323364326165393137353639363935636161
39303334616636663865663664653761636165343363306633333835316237386639666139313461
61623133356433376563343738363135303562356631393235613265383038316132376165323338
63646331393762366238666430343537343364633335383330643662346132646266666535636137
37343464366562643935613332656564616236383866636336306433653261656331656436373763
30653539663732636664633035643363366364346536626535643764646336356563323131393963
64633238363664386337613033366636303432303765343035376537663935633632656436613832
37316665633232313337353536663663353263383932353765366631646234346165616532386161
64366463393266613939393961646463306633313466363936393036303764376135636339333834
61303234636530363661326664356164373561323730393734663231633036393838636464366439
65356436653336306438326433386136623634333737623163646562626466316236643262613634
38653365376633303437663461396234373762346530336163636633643132363738663061326536
63643635623138376534396137653864306432356536373738623238323735626233313361363266
37323430393233613265323835663063346661316334393265336135646161343439383634396133
35373536393034626661376433353265663261626563346538326636373334373138663230663765
37386332346433313137396534343736646664346661616265323463343962303763636466343734
31396438623263303335626531393836633437336263323035306463373933396463343730363939
32663137656163616637383861333039613166386562303666333362396633303030373761643839
37323537613737323230666239316163383132323535383933313832353762323265386334643662
63376237306233396435306335316262656261313834313234393333666266396638636330666536
34613461303639386339633435656664353362383963643431316130386566656634303432376564
64343663373662633161346133663232393239623963623935393037306264396233613033373266
62346535346631303330343833623933303933346335333262353139373762343532386237373036
35336536346662313438353638333131653435643561653430333638303133636136613164396465
62323137666265616432346139386336373733656262376439613231393764623739313866353137
65366332316264383966383830663834633835336333616364633231633832373864316237386461
32353833303135366164326633393135653961303664643733653864313764373066333035313234
38613264303264623861373932373438666535366538393237633736653430373662326439316633
65336663303066326238633964363933393661646439363865353161613137396533616235623430
33633430326564646636346531353036353230376431393866323762356563666664653964353037
33643565343634623631636462633363623836663631633165376564303665636365396633613934
66333866646437386264316163333731343565353135626264376632656535316635653264623735
33343234383038333965313561633064323166333532373039396637363461356161373730353132
63343661393465376639656262386232633737393435316233353864383532353330323339373130
63356635656638303937633437623965393537373864313964343132386661336436616161613139
30633333306366626331343835376431303262646637353839613032623261323035373632653031
35653236656538383366383363336563353834386361646535333337646138373766663530356339
36343732326232333633323833653331396237626330646339336332616561633961663539306432
33393935633739363336653336303263326638636561373737653733333134376238326536623364
61386366333762363365396166336339623036313662306365646563383262646435383134656463
38626336333832313638343732646565656332623136306639613538346365393661613261636165
35303565303864353831316665343434313562313039613337306663663264316538636439663262
30323437393835333165666336663664306133373766363831353063393736383138306665626566
65623037383639646332613935323133623638626366316630633636353631316632623965303962
35316265626366383064626162656430376264356439623230636334653336306665353865643165
65643238663530353566623136393861626232313734363238313662653434303932376139376536
39353232613833333463653861336362373462376365386565623465366464336661646434623030
65373534613033633935666536313637653437386334326436336466316132613837643031613733
38336166616534623432653563333864626435396566313432646133333161316265393665663861
34653533613165353666313066343639353866373831653431386338373164656135343536363539
37643863613430626462396130363361363539613835633239666434613735336532326666373437
31393934393238633761353436386564313962626333313564346338636235666435643431333635
38306335393634613333336636623463653138346233653038666133666631323636306663363231
38666163363263343630356462333738656137333030643166386635613530383930663132623138
32353535303532383734313239643363306135643266303461363139383735363939373064353333
32386362313933333666386166356464633161663333316563343934623639363838373733376436
63343737383430303838306338663561353437346433376532343362336230356432663834353761
63353431376539653066386530633865326265323338326330306232366564643630653464373665
34316362323431646636336464386136656130303166663165376438633766343434613363396238
64616330316338666231373230366137343539383562633732373466323461346636323734616133
31333966373431353236336162343830646365613764643465616535373237316638
