$ANSIBLE_VAULT;1.1;AES256
62373761626634666364393262613464383863633466366565356432343464386335373431373162
6362643930373463643031653934656163323438306439640a363532653563653737393037316133
35623063666564313739633638376638386236383232383239633832356466303236646163303637
3233616263313537350a343738383238373461613837616636383764336232386562646439376363
33393133633231333237643334366562623366346165633731303730633334373732323439636135
32373438373135373866313431313734663631393466363531613839383132303365313162353433
32353234613930643239666464616263653537623034396230623431663330356431353338613731
61633561386237646438396339373938323439336666333164343238643837356464323364393263
62643831336332363035383565313338386634303331626665336262343164323130633738626565
64643661313431316462353631303637656133636630393032656363333630666439653962646539
32643034346266373665376133663933356233393764383435643633653434396263396661393363
61616366616539336632346232393637663566653733616563333930343763356634336334346363
65383536626339396430366531363833333561646531333364313938346163306539393431626463
62326566666634353537383861386366353966353431633261656366653363373138346331363166
37306632353866353562383932326135326630333633333161623866336131653661303561613833
39353636303864383866623339363835326463306235396639336232316261393062633862383133
35356134643563316166306433333066666166623436663339336530353731326563336661653738
33613030396363343736636266356538396236333562363434666136323933653162333637386432
38396133646431383339366465386633323666383963653738303334336263366336373262393139
38393338663965383535396337343038336262636233653965383135303332366561356439343236
34343231353533653934383736633938663334643135623837336162386263393536333431643861
36353864643261363139623634373061383261366139333365366636383263616431383963376438
30626664643661646638313130323438306631366338356536663432363037313466383534396162
62306335336633626462386433383935616538313866666332303866313334393761613763363237
34366231666563323736393565643261633539643436366364613630316166323133623566626233
61323632643831353437623765633139666438323934326464376666383766313632343161353932
64613936383938613534623863366466323035356437393237383630333162643664356661376435
65623131383639653364333135303136346236653335393462646262373464626235333232363966
39326166666335633636386130356431666637356633386236643835343066306439373531353864
62346435333062663730356463376532613335616434353734396337393865633563623830323062
61313266343564373362313733643162613537643539306339613239663063393762643133313336
33313236646665666439666330643939376161656266316463643336393836623161316238613932
35626336306136396132353432303236346562623631653561396232353665623139316139643639
39636136623163386530656632646439663632616664366230386363356635303366656235333931
33343464393339326464323063666534373430373663646234333863396366636439386637643565
32643435366436366566306561333438343666336530626430643764366635653435336539376663
38326637333862393436613833636131393230316636623066323433373962333961343530663735
39653334616366356632623135613532383964343236373939396361643862366663633436636265
38353932386133313930623435306461633430653065343339363833656562316464363439363532
35333132663039666137393962393732643836626563633734336239386235343366343133366464
61663032306135306436623032306135383138353564393338356335613839343934333135383565
63343834373639373237303264313664313231353031643632316238336537393364383432653161
66313734613831363263383331393261306336396130633863386462316362356538666331333137
31613634386531643137323831643837376138303766633538326431323064643563373434393837
64353565633131386435383861353863333337313265343966643662363733623436376263343564
32393334383637616339613635613231363661323035326132326536366333353362343636333365
30306130393565663632666264323737623031336163393330643831386435353666333634636134
63613734326162626363623564363665376338373865326662646136346636306237306265363634
30386330616635323566323065323937633633393230333936636131303038346131353366313038
36633333323234343638616261353230396630326264636162633538376565626565396665353037
65633437356233616337656666386366363934636334343231646239616361633137363366663735
36333833326661373235303163363966643238393165643134666630303163326664356431316263
39636536363962336361363465623766653336653337613631656166626337663535396230353565
61323333373733326161643562653963303933393337366262363237656339333339323336323037
33393335656564393036373164656437363262613435623035393438656236326534326631373663
34663361633232663432343431646631666438396264656164656435643838396666666639376432
36383562633637666234373730336666653030323366353361623832643439353936326633323438
33633061626665653130323936353937313830386333306438623033303230343566396434353866
64626635386230366232643834333234366466636233633265326363356334366238613165346135
36356137376163303666646436306139363264373031626231633334633664353038316331373862
62656665366563653330626639323134393663653930663435353732626462383831663138346332
34323636656139653865613432316635356530323066306135643036343238646631373162333861
66646563336330663932346566303263623765613363653030306166313163333861303365396662
32316337346337323666623631363939383637336137663566623130663662616433346233306631
33613937353334633038666539663530623239386565653935333831613934353331623266383864
65383161366539343265616238396266353739356561656138326136303264373466653337343061
32643533623761356163373533656435623164316338346563363265303664646465386232616262
61353639316239663436303363366134643639313263323239333430333537616462653435623237
36343036326532663961323532626438313036393432613764613266653837663733633731666133
63633866333761353663633236653532646333666539656638373162306162613331633330633463
38616364336361306139343662316334613433356364303230346534356338663566353832373761
62343133633862646561386666653063303139356462383465386133373962656438656161653537
36373638306466323338346535373964363931643338663032396261623139323161353337343639
65383735303231303837333333633037643663303131616261333064646664393430363132393336
61663530306130353536623539393664666631646136393737623565386538376636646338326538
63323230653335326439363832633530656265383564386165353162343233373432303963303433
34643032356665353339626466306134363931623538623735336663643963373737393330373365
63333865623632666334303436623763663664376131623530626639636461316136623762356461
30386332623065653962373466363531333736366434646461326332653436393333393731323163
35376461613434393236383766643337663062353533333836363834333438333832633133633266
64383566303565623037636530613066306336616365666337613235663232336232613439313562
65303935356536343736646362633063626363336463643136363366313530306137653936626434
33386430643263343630633431656139643131303663356232393333343839643662306130646364
37646334373930633565666333323866383936326633653639396365666135353461356634363530
61343362633662346662356233313039303134663662336336303664336562646534323563353730
61343631363735653265316362306136356165386131393663323235343464343035653730303963
38386132613166336563643632653130373838663365376234636435323066653435626561333934
39656433643732376337626362636539376665306134666337303231636533396533663638393961
34653237343435393465626234363234333535313361313733323266313466396336
