$ANSIBLE_VAULT;1.1;AES256
37643063646438363337646230333665383165386463333732623335643132613430613236383663
6334383635373639363635343265666231643062326533630a353765396366363766623237363064
39303832633834386334366337643361383564363130323933373834323463303632396234633464
3165653563323539350a303337353736363762636162393033323636363337343862376566396633
32356464646232353731626466313236666666306238633030626633363463343535343138396664
38656333363333313330376139376637373663303739323635343965326430623933343537366263
39643836393234373865653565393763666639383565663337623332323133323664323732353965
64623832323065663433313863643662323763666130323866366261336139333037333063396162
36376265343030343061646664646661356233343265363631383265393436356230343364613366
30646337326239396266313237643531656232356239643461663233383939366265616238653235
66633263616265386463653563366464343934356138326133343738336564393135383231323432
34323461616334376362316565386633306538653065643239373838323433636465323630643231
36633238306530353839363866653130336664623233663539656662616263323566373662363739
61376630313065303230663562386235303161623838393865616661303963343366383437633365
37356563303639353739313136383732306531356535666665393537346634313662353962633335
32343434383739376531326338383738343638663265626337626532306365376466303765336538
35386664646365386636643631633933616433383463396462373636363536326435333262656461
39303930393631313839303636623961616537333761656130323666346465303734613632343864
39333538393138383938396339666435333135303138623239383238653464383937616163303537
39343831393362613962663834303763393335363034393437633731663261666565613362393637
38653737656264633637366635333830383237626136633831373738383038393831343435643563
66383534366434633462633734373861636663613336633165653136393965333766306338643566
35353631653961643831396338643662306561656566386263613135326236326538376162373339
38343539316430663230303166323063373338303235363237376462356436666535343936383233
30333531396466663539643733383734663737626137613232383631623731626162363439396262
65366137373364326132643265353533393139626362633063633034373765303430316563613037
32303762313435663261343462626564303837313562316166376361323435323063333436383435
65323463303036353438353131653862323137356566313063653463326232343036393136393834
30323961636434356139383364386165393966656464336561653431396139373136666661303961
66363931613439363361616266363233613334613133313063633130633537633633663862653330
62333438616330373236343933613662316265653261643065353962363530386661356230613561
32333034386665636332653439313665663739366430663533323936633232336134366335353133
65643264386530326232363234333836636132363963396435376437336233316337643337313966
66383030316632613133393530646638336166383465626563663464313161616464613739323061
35653138653665623432303563356436636639343465383463336534383036653361363734613635
32353431653235346631326537323034613537333031383862353736326366353361333831366465
37373165373134656263353033613732343231613032626632326133386130353966333463363032
63613364616137656532336266653037346633333431343363663666356234663730333230313265
39663061313938316138343735663164643133623733646164633933656164363664313163616437
30373662336237633562316164393939383266623632646338353039646466653464663139393561
31316265653866613531376237363835323237346162613361643462326466393834393134343863
32646365623433373266366434326431353763363631353861373464366664626161613165373236
33393633356637313430643630383635616565646436336331623733373138343666356263393166
35636431626663393563636438386332356538366635343331366530376161633637373130393637
66326466623335643034653838343338653835383163623732653931346463343864623061343963
31353263623331363837393934636132386264616163366632323933396132326364383432323334
32636537626631306431323936623331356638386136383036663161663661616434653938363339
64626131316534616237366665643366626636643631343566653335386538633562653563663230
33396135626262383135633861393937326462356338363933393664643135373137616363666135
31353931383734303764363066303436656134363932613933386132616336343364383561316633
63326562366134643031633731663230316233636432313434306431613763643862663564666362
38623962643933373461616230643737366262356330383565316630656231663334646662306532
37623230353536626538396432313038343561383630383665356530386361376336626332313965
61623865343439313035346534303561373538366133356666663733666639646637666564333164
32383631653538633239306433636163303734626663623738323236336366326434396466326337
31626530373765646534303736636634326565393538383538656634343839303631393634383364
66336461383730623063353130653635326630663239636433613531326236366531616263396435
30383566393535323231613235336631373466396362633135376239663736636530333934313365
63623139633139626265383338663235323235363766376335313332613364643038333165663037
39613366353562663531393662343166323662316633326262623063373561386638363362626638
35636236396437316631636635623439383439356232626638643963323764636565613139343537
33613837356464376237356536306363633038653463626261383032386138656662653961623565
34303564653463663862363964333337653931613664663264383462313339353537386433383335
65663265626431343065393431383131323434393730636636316133646532396137336235353363
38346561616562636162653334366232313537336535643336316634646537373436353031363934
37303165376535386337306262653062623465396163306137643830393563646465333062373630
34393638386462373561313536656362643932303066356237363463646534343734306366333336
37396661653464663231323931633435363564326239656366613630356430613863373564643439
38363032663062353164386636343461316230613664643762363437353461386363306461396635
62613164643066326336303435333932623239646362626136343430313932623134663533363536
37363464366433633063653764326439613433646535623365316664326133633662393136633662
32663333626539353462333361386235656264313433666665316138633537343365666330326461
31326634663839353763386462623365643233636531353332393266623538663064303063626330
63366566363033323537316336323030623763616163353432623834323337646631623363393539
31383161643835363037623733373638646238313233616635336632316461356566353466336433
35646332643334386238303734343430333139373339386536326438666366643166613031373931
32346630376434623165323961396236666661366539346464623563656261313138613964323963
39616534396430306138313130636561663038396630343763366637313065353936393836656434
35666562316432353138636334343539336666316436316539343432313863303233306634666262
30396333346535393765626431386339663062376130386565646338323033616262363738306338
63313166323265333565333330393766373233653339663430646464653935303564626238303132
61346161623037376539333438316130326436623838636562386530383433653637306239323937
66376538663539613364663661663838316663363834303563383436613864373235336661636333
64393064613463343365366537306135383037373766643136653132336663653261663764353036
30613463666538316330333038363866323431336531643263396535366633353566393861653532
63316430386539363232396263616265393630353536356265373962313038653333636331346132
33666136373939313338616366623433386230313137373230303233303366353238373034333330
65326561666438666465643766386332373939376239373166323032623439356135333434333766
64393435326666393431323339663164623536643235633561643165303737373236
