$ANSIBLE_VAULT;1.1;AES256
36663663373330613435663331343566623539333031666130396339383866353437313336346537
3633626433316331353635633966653932633661656539360a386664303365323038663934663761
34376531643838386565326664653063373938393632653533653466373265653164326636333139
3137393666363766370a313263396538626265376561363930353462653035373133356335323162
64353564383938616435393366646630303439303262343261613136643633336233386566313565
34323266623066666438326534653061343331626461396132343962623939313832663631626364
33353663323361356465336266343333376439346462653365356438356639323535613164616339
35636464666336373066653336353763633364653632623733623862386339633137306130306230
39666631663137336430386466646333666562353464623537663337373866346635613966386231
37363936323064613663373434353237633137663233393966346230666330376334326331656538
31343333633261383462353161363736373461353439326239616437353763383837323566346233
61396465643463353363643162666537373265643361323565636362313131663266376535646534
63636633333762643830383838653630323231333233343135646362626666363733666331653039
32623037656163663764373061393735396137643937353337323736363862396263316635343437
30303135363739323332663232613461666163326564383663346663336634313633363837356162
39333063393737343037356631366136373736343235346539616262653036623165626339623962
38626539633539393862636236613438316334326661343463303862313433376439373962633638
32323430336462313766323736636533363563353335636638333031393765333337313166366461
39633535616465616133396233616365326432396135626161396138396439333563353733326539
32653165626535393638653961363430393239656561373430643662326639326434393264336534
32613435363837623831373261646630643134656132336432653537333139636532356665383135
61343631373062303934366132636361316566333861613662353561633330383339303634363339
62343734386233613162643263646437656363666333646463386265623261336533653432633038
32343366636635363632666237636435353032363035303365646466333433393839646133363666
66383039386130383737633635383637643130353838306335363532653963616537323936666237
66316139343466643363653662393639666632376164393833366631316536366534363361323161
38666262343838623561656666313063633532303131333637353933336437343039333037643264
34646534353833366336393064373233396663373363346433306536346566323435383738396430
62383833363862336361653561316631386561373134306261373532346130633661356639326633
38623861633963643232313538303731393831313839633031643339396232373132323134396337
36623335396665386461333437663534373435643466383932616132313661326261326130613132
32666564623161666232353166313137326534316335653436333166643935653136303538333433
30653535663735323234623064353138613430616162396233313263373364313861366562316230
33306531353539643032633436316461656133653134356130373331623564346434626631353536
37666265363764363863383032303235303830613465383930323361363336313266613638633430
66623735396231633863636162363732316639336166633066333232326134336534336330653539
34383261643539356237643236663030303363623635616531653639643330306637633762633164
66383033646461643166303261353130306330356662346538353236353064376462323534643733
38383036616664613062343861623165363562396438613335373938656561383739373638303262
64346435626666653239336437613961303338626433316532353665313138313961313332373662
35613963653234396665666563666136646231636630366534636133306465353466653338373131
30653531646633323833316262316365386635656363613436323737386134323761343434616231
36343562636331653461653938656265643439376266353339333163363436653435623263383661
34633831653232366165643265383161336464616437633031323234656563366162656438336131
37303138313766306264323963666338373166366535626435326439323238656133313664663331
34646138643339326366343534393433633132613333336137336661313837313534643938383561
66643663386366633038376536373365373439373262393932393766643462353437356532333539
64396539343839663035313762383635356566363030306261396138366233323363316538663765
32356635373430373336376661303163623230636336316139623864363633386432663266303738
36613961303133653038313430353331386266376138643034366331346231303263376463643266
34636537326532613233323464653737323334376233386134616536653265303838646439356137
31333366633066373134373666663635653563373539363337393330336434393764316530343863
66373566656431623631393930373166326637343534363330666361343436636230346439386335
66353331343763663839393661643865386463643666303634356637326231666330303366326139
32316461383363396336333363323765353366396238653037363034663864636564343439653436
39376539376237653836616435356136353832663836323364633361313332636436623338666664
63633863346435623937306631323936666339616266333037623166393539613162653639393566
64313639356465663935306131323863376432346464613534336566393636646165303066333463
33333164643034633134656565636435353133616138626363316561343637313366396330393833
32346462383034393462353965643530346364663764653962643234663963336531393066643566
65393862346462656363313562626136643066353334353635356537313334663264386331633238
62393333633665323230386434623236633732383564626233656435613963306530363234626635
30666434353734663333656366633161333031616235393135613534396439626432343530346432
66656262346535366566323138303562356462633761306433653766636663633362316436323936
64386463663739616137343062333738666134373932396664333738353835663333356163623732
64663163636437333235353035666435626139666261323264326362363263306630666163353235
35316234386333656162373733393361646434316461663435383939356462613464376364323133
33663262373862323236336566653262316333383538303535613632356162613630323636356134
61316131313731353334343861303633366436363435306464663536633935313430356561343235
61343638393232393337666564373665386365346235663639346337643335616435373062313833
33626136343530363436303730323334313464393263663264356138303630613038623932313165
62353039306537363962636334313534376239643838626463666136613336306135666162386435
66656635653930383337626334386130363665636336333661373731353730633936303734616334
38393332323035363236316534656664383431613938336134343134613730653437313661656131
39646435366462613330366635383230613538393330356634663836306230633637616663656531
36326531663963663461363664373639313131343035633663663933313866353134643433616334
33666134333839663439626363326236656435323537343265353934303138386631306231353937
39623663613163373936376234323235633465646635353664623932376430303532353930353764
36383234313839383064343330646163386339653638643238376630303332643565346630353462
65336238663433376465316464646562333430353830316334353762613065336665626536643036
39643031353638333732303733326461303762353437656438666163396563393139616330623438
34343761646231303865383865623734643833373665353837396332623665373739643462613461
61316131653464396164653638396262333662333335303830386662626230303139366538303664
61303864313739316633333261396430393032333838646466613366393862633066333763303430
36346465383638666462653964626431303430353766373130343434303435626632623434363930
64363236326239613865393138353963386635666636323937363261356261333138373934336338
33633530376330663334303037653165616538663736393133356338646137313762346631643265
33613065643535363165636166396531353761386131346530396461306636636233633364616462
32383230613038343931636637376532666238366133343734363330363635393934
