$ANSIBLE_VAULT;1.1;AES256
39643733333466373039373665386234613662356332366431326265333133323863373432353861
6262313131383333353132303262616465653832646538310a303062646132383836323765663666
64656338396532326666316534333233346434666130623830306235396138383737366266373930
3761613261303837380a326336663630396637333034373563653131366465646432313833366339
37663136636235306536636564326435633737633930363365643735393166383538663964383337
62613231323036613864306461303935663664393736613431306438326332363237633035613930
38373331343235616266323466333265643265323238316131373931303462366533323938396332
31663932353962303534363566343734643362613465663366613733313539663530393139356363
65303963656161336138323866633666613932363530326332653465336161626534666130343030
34333035613964366563373330633064643165636461653738333166653866633233326162616333
36356636386632383364373263376634363936643761613035376431633431366564643464653065
35386139376335363063633034643133353964333037653439353561636161656566323734366661
61333435613537653863376665393239613931626336306432386132346366333732343139616630
38356233626264333562303333323639386336313438666131663831613262343266373963313639
64373134353836323334323066333031353034386634656637373739316232303932353338333838
66306233613362656132303033363435343266653439306538333635306461616264613033666437
36616466623930313330303639643033363237366633623631303630343532376133663832376235
66613464373034383962363336333935343535346166656539333235663738303634316662396533
36633364393637353563316430643763336463623461633163313234633163313436333431626465
38396363383230346566346262646466333235363332373630633466383735616363313763393866
37656136393963653164326631363134653337343562353261386532346163393663623438323038
38646133303231663839613339353136316664383962363566646232373830383437373130333038
35336461373266316661613663366636363537393831643435343564626633336361363531346636
30356139356635653362643962323531633330396565623365303137656137343132383362363963
36666563646137636133383237653431613838343631356131313434666637653330613338333461
31306339386330316663343762653537316235333436613436663166393835613434666533393261
33356231343266316331393531336231363933623064613731666239613661363637376332386265
61313166323136376630333730336636363265653237386533303637626632626332393763353961
37313861653038333361623861643734636161613435343863656439333738303363386465343136
63306534616236633464626133343431373430336665383436343961613966313730303939333963
37313061373661333263353461333961663231343863316133333736393664323530613366303461
39393866336163383034303835353866333837303565613635353237623863613134356332643830
33663137653266626466633238396432343165396162333537306133383733373839313833383034
36346238386338336161613433613563626264343432616539663437653933313136343266393030
33336163613465303539383936656534346534393837303165313065343665623863666461373139
63326162633164353961383238323165613461383830656366356530323835366535663037666337
64383534353362666330313530633765643763653632616366663135386131363833303434316365
61343736333738613466353634636464613566343466393435313663393439353434346338336637
61336633373938333164643037646133613765633334376337396665346535616261306463643764
32663663303738626163386631313064363932396235393130373331643761626136393432636439
31636562643938646236313636313634326237663366663939353838633735306538313866626165
34343338633537666366656232363932643531613435326536623139646433643837663961353964
65393136363836613731396536323930666434613463646137656563353565623434613535383161
63373336306537366630343861393935333131653764656431393463303737353435363933333534
30393064623134653031646564356262313832643666313131343763306262326132306333396534
66613736666137363265366630613262353834653939323232636465373034393336333438303464
63623732393961393336366566616531656531326265383236306532333839306637626438363534
35623632393365333633323235613663666134306361666462623832376463383466396131336239
61363464376237316632373466643763306239633236633830653531356532356266326237346437
63623061323430653036373532373563303536353966386434336236333638336534636236303136
35303566343165326135393832316562386463623633303231633261636462656366353837643061
61653463363164353637376232666536616333626563316637346336376438316130376539313163
32643661373266363664663434393634376334663039343436633532636235386461346633633931
37316239323638653436653430363962643837663231316434356665393362343962623639343965
32323964613135646464653231313036363165653031643534356361646532323236626462353836
61383830343738323233376265343239343331626561336238393835366335666632323838363936
62366637326333366137393334346664636636643534623861323930613932623262643634343733
63656464396635323065316139323939356630663139613964633238333137393662336334383534
63666665306461356137343839346530656336643866363132313463626561323865316335323236
37396664626363326161306139393638316335373561323066393238363763643230613962333030
33353036613536343130643831633635336464356331666132383335613730323434623530643837
66373831313337333334623539643136353837353962366438366233636533643464373566376664
32643839633333353538323165373635396639663131626463353263366636663337613266383263
38663762633932663666356133663937613934303130653135663365356530363533643737386562
36636430633765386632356639666138386333336365626234666338393530333165373438386339
61363738373865653233326134303764326465663064343835366133323764643662333866656361
39663738313339323430353862653163396333333239343932643737346532363561623566303934
66353365663463653438383130633437366561626438313263633637386562373737653431393065
35346331363433656336643364323834326662393430616539363932333139353833666261383264
39656239393136373239613963336135323839396665313233386632333732303365336137313334
63303534313931366133343634323463663234343639333664303161326334306363623139613732
36616630643162646634356266363731613435373234346166656634616638623238636162626666
30396337356531616630313935633038646466636464643530333563346435376536616532616364
30313438666434623230656130316336636466353836663033303261373364623766313637366463
39373864383734346365663936353361373436383336396461643138353636356438313165666634
37363134333730336236633261373233396330663562366163636264383831373934343636333536
38646434626133323262323565653864636232353466323536306431643363333434366162396536
32303831313132393161336438633566363232313839346439623064316530656235303761363330
31323239396135306131336535616131306163373161373634393965663064303661383632393465
62613437633362353132623036613530376531666634343738633265336166636564316639646232
36333434616633386237656137383863366132336164336634353165663537363536646637366533
63336263383238306638313232313630353031666231646231663530653461373735346438353433
33656136656533393636376435643061303236636537623333356462613361383865663634356333
37326261316332636562333065626130623366306261613561333934306134343165303935613435
66393462393238646561643932633538663035333966653434623637653033656630363738323436
64656664316161383163343065663034353262663930616334363765633033316635343132333463
63646164656663613165316661626336613034656130326566363866613466653066353531613539
32323939343165303161343063633734356263346636346634343032383433643630386261373864
31643230353039663366643532366537663530656261636630653431313235626163
