$ANSIBLE_VAULT;1.1;AES256
33313439323062376161663864643933346531383033383836373265643763326233323165316237
6662623234623538316338313039326431323034306461390a393639613630346639343434653833
62616263633235313363356536343439376666326439376338663939383834663138326331613661
6361346139373039630a323636326639363032666330623333666339616331666162666433303338
33323933393132616436333166623534613437316130366430663066303537366430363133613261
62646261303539386431396364333038633636386236326533326437656566303365373762396436
38303030636265376362666234393636643031636130643130643032616266393134343364393465
31343364373537346236373132333435663963633036323739636332386361646666373261356330
30643835353466646636326661353366623033633738613636663639316335356432613066363837
37636332623465343332383865623431623464626431323064333439333031373062636461646530
31663264333364623430303863313863353664313432313330666134643636393830636564356134
34653232353333626533623138363435626531633063623437386266663037376566666134663530
61396464323236626635303434313836333061663264646534386230343232323436636533653666
66633064633166306139356461386236363131643038393438356365303232653866333262363632
64353437383233343665346563323132316435623662336130383434613433383230386464353234
33303437343132373236386535336332303862356135633635346236373861346535346536366238
39363639653363363763323633653663333166393936306466343536636132633233343039313133
61393931633564323764626231643138333134313866373039386238636638353932653666353131
62306335383338396639393736313530316465316232373762666262353831616332343532303133
31306462356436643538306239643438393335376531386338613966396661323766623563623930
34623630373765373333393935636665653432313535303563663965333438336662653932653935
63383632663235653733376533313833663834383232666566323763343537633933313931313666
38623662643036633638613536333234343338633263356630303134343237393966343464643339
62643766643363343266393336306439613930373139623233623661306235323336633263333035
64666138613266656136663163383438306662666238656566653362663763643633353831373662
33343935346261643563656432356533303131613139386362356533656634323335626639376632
65353638663064656437346463613030376530653231396236343135363633346334623336613339
34313134376531343630653636313239393137653463343833363430343833313861303666303765
30313136653631636433663230643461366537313463356434643536363032663033343935333632
63656262326530623335336264666238346264373134663661383438383238656238313265343938
36626139353038633765313735376362623137373431313035303336613862663135333834386639
62653938633031356566666437323531323037303333656365376462346461323762646664303231
39343234363833613736373363386266333531303065656235343731366631373933646436663838
65363764383831613836343465663063646239323065306330353731373363303864656637343534
34376165656636616430353136343234316433363939663033653131336334356237336162343435
30663937316164643565373539303437653663353135303366646564313230383966376164303365
64613233313462633365366261306465333263393935396635623532663462653937616361356466
37666266333739613862343465656564653932646137323366363464373265386361393737636532
61386239353364363165663737313463316564623734343963633637323562353838326531366565
30643734383262386266363938333636346136396231373764643735396330323561393630613635
61363565393565363861663332333932343534376634393564333362663839343331663937313237
65313062336331356436323030653135626235363437383638313639393436353265636161356665
65336239333364613739376132656434656361353433633136316233363233663130613439323835
30666434623235373166396631386132353262396662396337346363343830326630616561376231
32316566333938393537656634366337663962613038353262313264613932306166633563326533
61376534356362616136656635313361366163653963623666386236376462643638363861323134
35373830616335326230383765626135363836316366646239643038653533653533376565323161
33656135613565313530626333343166646231653932663266663432366530333036616630613631
30663038643039316661373233373666623364366634313261323833623166373434636464376238
31343239396264623065623336613333643535343663616438636437303062313433333235386462
30363939373933663431323539626433303962333562333836646635343238656538623739656562
33316662353534396163666366363734393934333432653565306363326164313936343966353638
39363734646638376135326430306161376233343833313138623030343164313962376237396436
65613037363065386230386663636334373733373433383564623939656561663335343163616335
32643736353835373838643437376430313331323631333331626565663230643265333339303133
31313530303263623463633465383765626338363037636630303762303735643438363363333235
36323664653432613935656363653561336264626632613033346465366363613966373061333434
35633363376662366664613239653233313262623332636164666332653762636531666333306465
36653937643763613762643065633433653831336564376437386565383439383232613430613337
65663534303964653633393862343161373562323637643666643231336131346531633065353835
65383538623461396539313862336333613662613364303134626230393466333965373238356130
65346161333163643037643263663363643635363838326432626364353265303861323332343839
34616232363337656162646366343461396364366331653964316162393131623839303463396435
64383361333363363639336664613834366464626437346434643437346631373464326563653535
65633463313338303336636465616233393335386566663933616636363236646230353162383162
64306638343166343061373039353738383630626364626336656434643934363330316266643535
62303533633031633230393730626364356362313338613661613731383939646333303863373239
65366333336337656530313838613565323531323632366637663636383964656433386134393233
64323134663534663330386630373464353930396361653037613730386361633738663637313139
38613962363635313339383761636464626636333337373337366239666565383531626632393761
34626565343364623030633038373039333464616635613137356366646237323162336532363932
61323937663732663037303338663238356564313465336363303138303035656261633761646334
34366133623132613033633731613331363962326433663233613938343130656638323466376333
65626662323065653666376266323435666336393935343438316130333330623038343538336634
64653937313930313432626466666430363533346633643039356563623139343232313237623564
37366338613361653338333363333066613964643135386265643065623531353762623236343733
33613734613066396264656137623964616438346462633239636339306363653066386537383336
63333235313539363666393264323566396639396166373835366535626163636261373561303937
30346162316664323934646436613030626339313562616237336237626230633333636336643962
38643661653633656235376264643032626438386462363533303063343931313134356164663835
31313939623233346261326563333264323934666637613762353431623331363336373337616336
66396139326163383132313832353737663864383864383138343031393137386566633365313965
38613335616139643038336432656466346533616163386339386538666362336133613830636662
34363239616233393663396635383336646533323237626334363735393536346162303363333034
39356235333032343065616339356332653838613263393564616363666232663965663539353766
38333533333231356264343636363137393430356232636564643130363264633733613430353633
33633738656462636639396133303662353339613561373932353430376333356239313963356433
61323963396531343063643930386635396535643236663563353661386531313962623736366135
30313638633636306462653133303834343763613137393365646536643462313737
