$ANSIBLE_VAULT;1.1;AES256
38386435316439336138396332633664353266626336663664386461313039343130656337663862
3737313264373666306638353565306432343564373266300a316663323466616234616532373333
64666463653161623461313666373835373937333561623063633464663134343238636262613966
3761646236376266370a306264636431346133356336373966613862633537313837313233616166
65613462663239313832373165326634626337633464323662646630663733383831363163393031
63633137343834623566313236633464393665366134316464343666333061616261373931396465
63626463646264383533343934666534393437363033326634633433383163646139643762663833
65613261636264333132386633373236353935303161363330623734396633356230363664376331
64306636656436653739323664653361323231313861326562636134633362326130333037636665
66366361643265353337346362356263303239386463616132373331353637316461343230306663
34336166373039343930326565326131393938313833313966343332306330383231636231623736
65636130316463633037373165316263646336303330343736353133646163343337623538336161
62333464653165656634376665353533623732656635336136303266663239326139613233333935
62376537383338643631663439333032666134363364306466633333303432303231656438613134
65376361336535346433323939333939353863323138656262356262336465333436636533666663
30613237353461333538333438383466336235633563343238343730346538353661633634316564
65316538663436373963303036663538616566636164333063663336393736373765303932636363
34393834356137363538623436396563663737356561346165633861626438643365336365306430
35616266363637396435623831623961343861633134663964326530323839323965326562623937
38353665396563303733363963396438613036633264323833393861336366626162356263393066
31626335613630646563383761666331623430626530343666393833376439356663656133353130
65303136623332386632613563303965656331626465386666373664386331316338656331663738
34366233326337656635626338623465363437356462383562323535653437373630323632633762
30346239333662653533663961333239396666353233613961613438306333613261326331303561
61626265343865323532616464326266323838353533333439353866373762303535396565343963
63636436366637396430633633613063363664346136626439646666336464336234383437343166
39373035313438346539643931313066613932316434323939373562323735383032343662633534
64356236313036613639356430363261353665666133316333383131326336623965366336323932
35313437346433383034623661393633326530383639333231653535363439666165383734626137
65623266396131313664303338623932393837373566633837393365306234303761333565363630
35323332353532623339663233363566353566623062383163646165663334313339373831373734
39376139373338316263316634613032333461633863613030303538336431323662643230363530
66343636393065336165393234663963373437323038393638313562383532663535613032623337
62653361313161653632623964653064656434333562323564373861363766316363333966326566
36366262396535626439356336393839343365303661313832316639326137636132366239656263
32373566333830343061336362336632613539663231323333656331626264323665396532303833
66623363656565383430373336626636333963653239373663386438306362616137323131333237
36633338373763373032653230623839616138613230656538646438636362646461316362356635
31376536306439316661303666623266383935393330333238333334353264613633333333663663
37356531636335613330623662343030373131393063356538366135313434396362623163626234
66616563633265646636396264376238383436343532643965383239613939633837386464333235
31323361616137613033656231303866653437396534316264346666636334356363653739336464
61613533353465646435643935356363343937636439323237346533346435373236333062393465
34653232303461343635306363653163653335393630383237386235383039353262383561303266
33346635363535303765383766306235383233376330633961633361643966363638303865383233
32613837316537366435396361353863323766643838653838663031623864663338653165346363
66393331393435303738303839343536323861633839353866323836633533666666396163346438
38653134633830666232346533393132636534323130653730383064353033353634333130653266
65663362393439373234666564313737323864373735326134653864663865363365323435643737
34653933316437343638623062626137643235336133376139633566386537393033333531656633
36626338333538353431346566316434336138653361306431623461646238316436313064613261
30656632356362333933636133373266616235626239326638383236373334623330633464376162
30646339633366656237656236303134626565613839616530653365383236623165396537353932
63613239626336393164343965303966326638346632303833623565326561393038393233616532
35356565306564616163333464363765346134306362613932356265643161363664336465333134
38393234643234376234373535616562643964353730653338643434346663333836663839343534
64333338363161653162303665333561633435643133373139323439333833343137383762316233
63653635373065313839393533646631303932393562373031623064636631383734363232366638
35343362343063393030666530363332336262386662626439396166326537313330346338396536
37396539623934366237616338613137626135613835313833613438366239633134373566396162
35366365336132616138653436343463623331373266663864376633346666633832316331323137
65323738363032656330313136393636393232393537626439303436383465666564316663323437
62623739616633636233316639326135353166373732396537306434653430646235383230323565
61626434663563306236653430383939386633336638313136616262313761363035383238326430
30393861666166386435656233323839393463646135373133376462643336393131633538366666
30316131643166633133343263616133363230323539623566343533313332666537326464643139
65663730663862353163653932353562373662643632323135616564316233363962326662636533
31613732346336376436616331656134313065313130396435663435653238353066376230613266
37323835323961343733306666383132623262313563333665663730333136656339623133336439
63636632383662356363326531356365323265366435646432383930613635303538373861666633
36636332613465326335313761653032396234663837633163373438353438346333653262616335
38393561353439366162343932623363623430626232646663656334663433623138326630313538
62653339383163323962356338306636333430633235613232643166626135353162333566353934
30353830613239326633363364363032376433313430613733633766393636376464653539346264
64663832393131333262323731363631383237633834613437353230396164333765373337326535
37363331346137353836363263326432356438326433353239643963626135646364313132333133
38623865653134316239353639306533303165626632373566623838616538333261656132383565
34383832306139613732313136323832666539636161386632376134373139376535333431643062
39633632646630653065326262323738636664623161653239393039383131396139306439663231
35623638323565646136613430396337393336333732613566356465356564393234373162353737
30663065313766313365616565636632646661326635336533333463663363393032376535336634
65383962323838323733663266623136393563313033303862643036643132303666353235396539
61313765663134343138376666326235333239373134666330626234636236623636653239346463
30313133356334306131666466343166616139613834633332376335343330313133646135336637
35653932313537636139633438333732336135333663363334643865353933383632663530333634
35356635383434313930356537323130343764646432316431303032393132663432306336623734
36323666376333373962363232646337653466323535313033643930383961386665313661313065
38346633323966346664663666393935356231623532313463303631636130373731343037613233
30663737373066326435643438663933326536393864383232396639386637626435
