$ANSIBLE_VAULT;1.1;AES256
64353734353661353438393161663662376138333162336633346438313266653833616138326631
3463666332613537303964393463656239353731373538390a313131396634383730303131333663
36303663343134343439373562336638376339323337333834613765366562376465336434326361
6466373339376634660a623038303233383665303532626162636464363830666663326265666234
33663866343062636239643334333531376336623239396331306533613033643633356662396139
62323039626239616538336335613934646661363064666263666131633562653933316634396237
32343062313332633139616233613634303431346534613736363733383138316635633931663134
62396230663636363334663733356136306162623638616464643134663333363939346636323961
31376132386663663337356330333732363861313033616262376236646563303630363237383563
37386266643035396230366237663164306237353365643063623262643337306439663130346431
66373436326265663737383130383438316130616630663337373962373339373462373736333733
64626636333661613738653865646365613039643166613331653933663664323166383662626431
38303332376533666537346439336630326337623063383364636131613365383865383439663861
34343738303131343562656332666562323930363738663939333833643031353963613331383766
61363533653039363861386133653936363639346237663064613430303838636332653832333634
66373138666364353236646231373831613461613665343066303934663535316230633035646366
30356638633230356463393730636264303234303930306161386535363061613234343534663336
31613665643065326337353366386432636134336330663736666532616361343130353439333261
38663132363663636362346137393633363930373262626362316334383032386636376663656237
36343466646130393765366233303532353532633438613139396138336365383330386564346462
62626332653239613037386531356231323738613138643766343039653934336331636263303136
65363432373237656538633735396237646264363933323938373834646538633033303062383237
38356666313739313764633964613266393763653436356665373135373937353738633836636639
65386436393862613432623633346666633965376263363963633164356235346438363433323039
61663137623238613032393432323832616536643839636231646138306539383038636439303162
33306331363533393630366162346536653533346236643366656434386633326438383666373865
62396535333732663264393264646362666666333966326662376631626435643566363231326336
35636465313239353366623830336136616538316233323162303538663437343134623462353962
37633936306161363463363464663438396366633731323430343766393362633038663434613335
34326230653464306137643738373366643034386232353933303939383734383634396233353238
31653733626162633634653732346363333363646239656665363664393862646435396331653030
39343433373562663837313737643363313563396134666466633064356662613238333566393164
36343464383865363663626364366537626437323863323830356431303166643661313863363431
37373061373563353363393462366436323333643464666338633331363135383632346166633738
30363239323632396530326563326339636463656133623231623465313663353465356566313262
39313961616337623866386232656436653935333663346365373234366330323130396635366163
34326265356663363935616637643062353637363266633366323935613763346434646363333464
63623262393634363230623734373733616331336363396262316437326436383932386537663463
30373431613263346630633336663264323266386161623263323131666536623933656364353633
38316661356637393764333862653931633333363134653339353537386634336637333765653634
61656135376538336335653163616633373763623537396366666530353162663431393732663434
61346161363161363334343865313937613936363766666535323466653464646265373061633034
63326561326530373261633863613161316339636166663334643432613065626564656430383530
65316636376161623463353234376336306135333565353861653766373661313836353138373534
36346634323361313861373335396663656462346264626461626630666661383638346266656133
62636339386230363439383339353732636538643633383561316265313738646261626137386363
35383465666534346337333363383062326338623963663430326534666539353466323330656339
36343332386632366339656364616665343666636236313266396330323639386431386166393033
38613538663439646533623963616366383032373437613835643838656165303262316332376337
34363537383531646138656162623631323037656266656335343565333534306133336332393064
30643665383865343033356431343564303938333030653238383162643662346335666636636135
31313438646363326132396139343837343066643432636561343936336666386336623635316466
63346265323063653736633364653038356264616361646339303638356533316566653337626334
39343731313136383364353332623437663736623534636638383137656461323538636534633034
39626463306637643534376436343633663964383436663130393830386338653734633431363731
34373332376366343839623231323235663463626138616261363137333963393639333530343164
35303334323961633332316337616562393232343965653561663737303036386564323366613437
63393934343935643738373738313332376639303936316439623831353866373034643933326536
65326432666563643333373339353532376636363266656634343335666630313661663835356235
65376530356536346433356163626430353038346264643037383136343335333738663434636435
66643566633435313035306234636161353662343132653134376333306564396330383932393734
66373733656133326431376366653131396461666564643666386532333536366630386136646461
30616361663033666132656566353638383465653064356135393966613136633639343565326466
61613333613163613733383966316637663366323935393662643363353335353531356438613234
30343164653363343638313065633962353861663465616636636232356136386562663563353337
63316362356165313132303863303163363133636666386634383333353638356638346462393136
36633065376461343934346534373335353037323764343964653166346132306564643136626132
64643734663138363165623732363330323530353035626239666464316438613931623132316566
31656365326566313135393434313532643363326166386366386631353435363230356361653161
35646462326431326332613662616461306364326330643331346633653463393337363165303563
38656136346333343766663438353838306165633763656335303733313261373937636230383865
39386233313763393861646539613630316636656163303366353766353037353832376130626134
38393930326335343830643366323561376432363461643964396532666535396431646431616561
63633538653138633765313733343539376164643830653761343231346666306439636330656136
65356633316637383736373264626263643462333865326363376465343465623761393030653239
62616135356234656262653630653534646265366462343865393866333932386235666139363431
63666134343730386666366336393761333863373261373666613262643738383366613032346262
30393738373131356332643633363361373463303964336264643363636337373735313738353665
37616338613433316266333733653938323839353939663937666263383439626635383263386564
65656137323433646263343837653938333835616630343561326234396366383339653864313938
32383162386235323033383230313063633832376166353433616666333237326238656530663831
31396535336435653236393538363935343962633665326637633334306336313566303831393966
30343137626164363139363933316164663830633237633731323536346165376632613063303732
38316566386333386662333665373032373665316366363864373035623136626437383336313461
64313330323064636264626233333331323538396461663463613830626466616366363233346638
65626334633762306565633161316665373838646361356631633736333433643433343265363530
39653464623536343361636532373037633130373762393266303361646163366164613563653964
61383662616338623435396238313165396239343735393062626164616363373837323463646538
63643861383862633034636537313866393164623635323834333832353036366532
