$ANSIBLE_VAULT;1.1;AES256
37303037616561343533666362653563333564633238306431303566613363353566333462616266
6164396138363032343738393938303533383236653362380a633534313535646464323565306534
37316331353933663162346366666632653934633062353434326432383038316332353164646465
6336333536636339650a626432363864366637656631616530363035396137616562643033323037
35666661613633626133323164616533346663333162326361363935366630646432646533663135
33653163356663633534343662663434623162643334336136623934636634373638386237653463
31383265363137336664363835306430656638313634663437313561356233353661663533373362
65376466623163656535303766363437393934633066643262343738666663656662393037653831
63326236393937303430643261376662613762623462666134643862346562623665663037383631
66666437383262386331623639366236333032626136613066643136636336366335636166353162
63633466646533376236313164643132356536376635646130613937303234643962393438323862
35366165373338656332353933663137343734386166346433653763353061633265653431653034
32363565623535313933313132343461323362353865343735343065346666623135663736333932
34343064626434333464356332353633343931326535396430366663393531356437643939623762
35353064333061623965616536323764326634663864303461323336653262323837626262363331
39656132663838306237643436366463663532396363613432333366653933333638353231356133
62393163363036336363333734656164336535656665383764626237626538646464346235666432
38666364353239366238646465636266333561643533373235313366373037336639373333343466
37626539356134306636346263323337663830306439613636333935323634373933663530626565
63616133356366323135623662393336653237626265646438633235346366366164346564636166
32303433366163303638306333303433373938376232356431646634643061663265343861626664
65323131373366653832376663386131336663666365636634323235333332306561623865643230
62303433633066356234323761313630303830376562666561653565356262346435303262643164
65353137643631333435636164343934366464323038323163346563626131343032386535373237
30306231373266393834313932623966313162343263323063323435656332663861633933326236
64346531663065323632383064393366343264303133396133313235663339633961356162303935
31366332323932366266363137653064313837346131316130303934663764643662626637383761
63323563356364326236636263616531346234643736653035356334313232666538373233383461
66613334633639666331303937353935366231653033663564333630326464653137613533393033
38633762623638633366386266383839653133333533653732333963626132383361323466613930
35613766393635326461343862313964333832623938383831333230333365316663616433356534
62333063613231613234653330633534353361313262653661623533353935363338346435643633
63363363653934363037386437366661623234666139656636313730363637633934353632376665
61333666333537346666326362623731666163633231303937366362333562343833623238316632
30363032363532373030373863383964656566393765393835303432336162303338366131663066
36323736356363303061333637333864373562643965623563623462623461666464306662323238
34346562393366323130386434616237316138393461653161353032396233303537323963326636
37373236303665363837346664643435386230636163356333316635633761323266663830653063
39323436356638616265313538303062623431363862356139663936343761376164303962366637
65306231303838663566623934666138663831306336366232366138623934616463333036336161
36356262613265353135356562633162363664363738363666613761336233656538316530616631
63306533666138636433393864643838343262323633373132303663623838306538633361366461
35633439623730333965653732383433323063633164366165643062316133613839636435326463
61356532643833623535323332363532303364656634333131303530383632613936393861666333
31613634353935636630383366333463613363303063323130613930623330653035656338383333
61613733633435366232373164366362366266376164323561376236613934323964343030613831
66633765356564353633643831353662623436393734363964353637306231643235366131326633
34666366653634363466616337386332636562616232396531303730393133396132393364623138
36323334326364366336323663626566386265653664306534623865383933623535303464396662
37656531646430636366373731623333366539346632616431663930363431633333326637343965
30633530643337313239623766376435386335366665376166353032666264316535613134373161
38373930643064306162666331616139623461336635663233356563633865356139313165636433
64306235303730316562303562613661643766393565653938376434343337333032623536343566
65623364636633366164386565623837336663316666373532653833383032643631373535363761
66313561653636336263353362626635613463323262343065666338626464346230396336353635
32663364336238333864343034323166303831633436613238613336343736346363376530316262
61396464356462616339383833633962613761336339316439306531393932386165613662383339
66323366353034626339366565346530363064336231626362323466386538633163383139393465
37353236626239613263356231363639316435326236373962366261643633313764613036363535
33393961306164323738353838623166373337656563633133636336653363353931663433303166
36613664353833666531623836643436383362376264343837346434633264336664663436366236
61373465616439643833343763666430383465653537653931376635643339383166366432383263
61366332383531663261316231376532656435353532386664633465306664656436666134323033
39313463343133663263613962303430633932383234303361363136663364613235363362363265
35383061323932373566376633373234633662386561383864336339313937383864333537623337
62333031646133373031343331653833626131656531363632313338323235666366656237303431
65616361346361663536613766323131383936613563376137653164326661386131613239376136
32366638373737373965393931353934643666653130666661393332383532353632373532336130
35306132346230326633306636643562323438313863313831373465626538663134633530343330
65656436643731396137326565656335316131323135383732393562373632316361346533383566
31613039386434363932306139393166363061643636316132323438663536366334396432643139
32613234373839303763643566353333306262356331313335313330376333643463396135316630
64353866316436303035346362346662383864313561353231363632636439306265656536623561
35383632333764646137633332623263343666363466373231643839366135623335323134303966
62336438653739386365663335636532363663333033303234386634326337303234353362663234
35343533363063306331366431313130323765363938306163356532643464353835376662336264
30653361626266383937343237623039613930383135333039636238383833623835373331633566
39353364336636613565336135653635343364653134616433393834616139643538383730616365
33343436366366626633363362386562643034666261396639623830363062313835333931313664
66313034303131383439383239326133636439333463303165643331626334373835323861653732
61363262333433626138363765333634326637373433343439666136383935653835613736326431
33356537373263363164376634336166653832383464356261643631313037626233366666376561
63383761393730306361373462396234373664363462653161376133646635613136323061626232
65623061616165333965336362376136623738653764393035333131303937303934376335306431
65346131326432616439636466663837313833376630383765383730356633633131616666623163
31353230313662326665663466323361333736623132306131376538396232363938643631316263
31373062626465333937323830353932613964316639393836313461643336656131353163333439
66623165633337303933366636313265363538383966623835323566353935363961326266363566
62656231646339613163323736316433666330656232333333623264313561336531
