$ANSIBLE_VAULT;1.1;AES256
31333263633837646135373530306636656333633365376139326465343863363130616166636461
3464653333633566616234653961393861323866353833380a363136373037393831303334353737
33393965383464643237656237306231376335333835396533356561346236653662616161633035
6638633637323163330a303165346436636163386636393562363936666331343731336163386439
39656336623432363932653833636232626336323563303461663135356232653833633338303865
63363165356638313839313462643137333338333662396363666566653135323436326132343337
31336363303161313263623634636133643735643435383736346433653438383961656534323137
30363263326534626361316537386565313163653031353534396230373234393035326562396661
30623639316266336137636265376562353266376465313564376632356361653862633961613934
63386165623938323365363261626666393831343731346530313631636263643662373038343234
62366566366231356439653330363563623165616365343962373564613135653438303661633235
61303966313363633033373162643866663534653862613531343137386162363037326234356565
36373937306135303735666562373032656339333964313262386461663766373231326433636264
36386433336265643661396663643932396231613338306434613566663365333661303135356533
61326639666462356439313039373065643631616538326137313534386539613039636561663638
63393465386663313839363735303135653435343164333135643139323637303232393137613536
35376462613030643130303064343933313339313464313134383038393762346434343939363961
33356661643437626138343236613139656662653961363833373464316263613035333237653139
31633334303261656136303735663831646439353235646136376464343765306233666136306636
63353332306232343432333063326239323363613430373661646535656138303034636564336463
62356666343332353033636634383063343865616236363330383432643730313839376138363335
39333964346334656566303335316337343637336337383166303435623862633535613335306131
61343963626238323463623363653062643435363936303763653761313563383339323665653464
37663838303965323064646232376639633466343166333765653437343262623639646262383564
61653463633936383161383439386165636235366162623738636132346666613733663633303130
65323939663636326630613536656561636664643239393636653266326563333032313434353339
62653535623739343566356534303039653532343363383238643664376463306532316461346166
63663133303933366539323031616232313062373532633539623361393238353837303838633236
65376330613036613339396232306639386465363732633865323837623834336232626461306561
65613332303530653030666536646232383639663238323932646564646239373231616138303161
30313838643931313539663933383563326638623661393133643066666535343263616431373432
37626662353331623734663764343533386235363233373165623263616364633162616438336166
64356635343535313633396365343430326562353336383334643534326131636364323739363230
31393531346238396136623631363631663839396636326439353962636636393862393164663439
61336166623937613265653839366438643962346235623238653134623136353834363539366632
38316163633761383935356566373138366663313234613561363437373232633635376537656564
36393161386537373365363061626136323562313132663066346131376338353830333131366134
38363934666136333661646466386561643436323765396332306235666130363938663831316533
66383766633434303766383433303637663562333534393936336631613930656239613866363038
61343438333731326264666262656463396162313232336131323664306235613166306434363036
38333335383237393639326565653533376535343464653133626232303230376264336533373030
31306233373432633338363036626361623764636135623763386130323336613563613839613038
34623533623632313064613430396363653432373936653934636166323536313234666366373638
61363538623765373364353133323135626639323865633663363261346237356364356265613965
38616139386434373838326430363130343532306437383138656631333035656465663438366439
35363236363134373738373537383736646330616436323434366633636363666438303038623136
66333561396332393763633365326361613530333766316539313338333939653331366633306134
37396432373636343365336535383961313430626430303933636366393239626431633637366539
34623231396338613765636466376261323038306537353366313532323731633532656635376436
61666466346631386331393435346361363661363662623231306166393631373031343866633764
37336635653766633437303338626566623035366338633562643766366132646535306332383535
64393133623537663732306264363535356333386537323931633865346335366235363832303130
61656434626433646634363131616663666339623739373137383431356130326136303939643030
39666662333865393635323033366235613761393834663131333639386264343636333939666139
32376231656365653230316433383439653961343133626334383033393163316331383132333835
36323031383536623832653732386562336530396537366235393062376534356166393863323932
62646566653939313465396665303735313733333939363765356164663263306564643565343063
64666234626136643932656262383739343239353966333532663366666364356534666261616537
37656161323236363230306137633933343566373930393836373764336635396531336137326134
38353136626237366137316432373737626336373533623930343139356433333535313264303935
62373166656366313339373231396130383262393933653661633730353164383061653333353562
31666463303862356537383337333265623861623130373030373939656637373865633439656566
33316263663564396336316637323165333939363839613733646161643930316334666561383230
66353164663336386534643235653763333763393535656537363934323637613530316239346162
64323261303039303939656337616362393661353665366532653931656563396231643665353964
35326534613535323832353131653034396637323932316337393535383034326231626237316530
32373632643837373361393231633062323464323165653733366239646533353639366633663864
38313462313863323364303835613165333763613163366463366363363731363532656439303033
38316232396463636465353037613764646635666164326333396361383432363834313765303236
35363265636463386132316566666537333461303733326130623639363762623830613937323063
34636666373538393363656537353261363737373666646532306239646633386661616630393430
38353937636130666365373834393666363836643834393661626462616463366434333834336437
39316238343138383832626437643064303836353232646233316562653534383936626134643765
61373730636631376335656639623232613163633835323237623039383736643234333332303831
39663335353038653436663366636465636137326131326161356238363336373839323039336634
65386664333837306463386439636563343839393334313061646634623335333237376661393433
30653233336436633431313737636233303565633062363162626632306439653932633431663136
66316431363336373238393165333931616338393535373566313866633361643363633962353539
39363839346164626432396333383532663730633166356332376162323130626263653032643137
62623537343732396238663762323432653362626534386435306138386230633835633237653436
32656335303137663433663133373761343966316532326436623262613966656636306464346564
66656136663239343465663939343438623334613335666135623834366330393461623531623065
65306365633961376436386163343264383434646631666537653938666538643663623761383932
66313033623632663861663936663234323832353936393866633561623561613266613661383539
32616163333532646333373162323961336536353862373230653236376466616536623934386432
30346266363830626532643335366162633265303334626636613362643539343735653833643535
32316163303231393164343463373263373636363233623832636435626366653830316263323861
62353633373639616538626362363832316532653638643735633636303332613237376339383635
65366366373530633232643133646535376665326532346131623862626139643632
