$ANSIBLE_VAULT;1.1;AES256
32303964326435336631373064386561626535353030633139336265333962336639653631326163
3363643363333663353237373833363839663434633463380a353765646462393465633165356335
34326139656261646461366534306562343661313239333531336239636431326264343261323732
3863613239383735620a303264613533613430323266646539333264373939316330623738303539
32313630643665656532313032376330303664363331613661366262623165643331363438396238
36383364303662323137663939656237376365306633303737633361376130333765326365313238
63366333643935333737623932623431363031396133626232393937653061333262356665393263
64353463643438323133643133633963393839613938626136343831616435646335613662663539
39633230396165376364373130333466373639346230303364323963643931303430356463323162
37333730333061623231356533383662646262356563373438396231643831386639623630303961
30646363363436383037613232373336306261313864363630613938346639303366356335396362
61376364626637303965396335353831633530626438326337363438366634616666343634666331
66653564323862616261643837616164626565356161366537386333393766636532663434396562
38383763353433373861366665656261613262633031313261313137353862626532633061356263
38616531353834613266363266663534663634353330393031343538623562376332643637616663
63313331663235663938353630643238613662366565393061316266376562313738353334393430
66653133636565303662653232303565323038343230656466373562396237363232333137643639
64663565623931613736313233313435343235646261363166303262323030306465316139353764
36633437663931333630613432623331613037356336616532326263643435633130353166353266
31633839336136353038323766353364656133316564626430633138363365346235353664386163
38396135646566623331616430653862616564336464626637643562353139353861343832316235
35626433653136303461383065336439613364643062633966343064303233613235343763656136
33643935613039393062393632363033393733343338633036616531666337643961656161653737
30616635643462376364303839626265666636343766386539316435383839663733303631333166
64306236303331636364343666626363636566653639343534633135363564363966636236343238
64363363636631663931363035643265316366393735353130333163323333346165343665393733
66663737346533616435303964383863363362646561366363633734343234383137353039383338
39353330646566333937666662366632333565393863666561383336393736336537326464393963
32663731633664353430636464303664373231656138323933393433613530633162313138373234
63313463366636616230613235323261376339336238666461376439626664333130383163316238
63656536663138303938306263393362366438633732633339633464656637666339393335646639
39373664343063366564616233303366663131386630633564343662303164646263653333313238
31303137393266383466666362613932636438336533633333353432653461323039313061633135
33633430643964393863623364306130643865653336656135323730646634356165396435333138
31383931663061303463323134303464613462636232393938316662373962663932393162663334
32656466316130356231323236353430633632363735353236333131303932363466396163633662
36353033626332653633363131633133633661616632386261333036646133323165666534313864
65323830346565666339636161643038623836643865653663393538383366366536666338353931
63336163323330356566303261653064323639346663323062313561343736646634303433656563
32343834343139633634323661326561323362663634383430323032376539643364326265353862
38333333376262366639373261393030333135326363633662626234623333383066333439303736
32303666386638363861323464643631346564663166636461633466643830623833616462373033
34633362303662333132313062623866663834323763306132373530336333643133386531656565
62343931356436306132366636303561363432636430343132653562326139333331626237326532
38383764316530346362326435353162646631626664653236323166343038623537663438393166
32646632346330346535613331636532313237393131346239333036643661636531663366336662
36393034326133613362663363666665666332643066326535316565646634323236383463643365
63376437623736633436633232326538643338336635353632653366616537353461613634353431
61616132313262613835623762626135386433323436623633313931363239336662643636613634
61656436336135646230666638306132336332333032613161633338363930636436303462663931
65316631353036613733623638306262643330336663616339396463373939643339383234343763
61326663656434633163383739346662306261333461653732333732636231373232396562393265
32313865626631663366623933306335373931623634383065633933633232396161326530363466
37653730333132353033303861316261373334366366653237343561663633333739643835373132
36353061346633353466343862353038353736623233393165636665636136366530613631343035
65663939636163663830653164623134646439313830326437313165303131333739316638623336
37353236636637383165313633613232313032326537343330383336306134663864346234316463
33313265386636363433343232313030363239653966636634313938623464666366353063643938
61383033313235663330383037346464353061333361666132336534373734323765313337333230
30623937653938626530653864333263346461363239626662653437316362343236653837623635
39653737653561363433333930373266363638383034626636303739616232666262646139613061
35343061316636303531616339316336393839343232656265396361656631373739353763626265
64656334383535633432373339646532383661363230616632373430343664643065373131363837
66373564313630663432366133363035316538613533336235306332363466316563316362336466
65303262373739303765353834616261313039336362663132393966333062643739666261356634
38333663353962623539356532353939363562613138353132303337346636313030656330663466
38353531393564356634616130316666366366636364646539393230626161353033663564653838
64333334333735363061666431616263393038386438343963346430373464316337343663303464
34643834613033613837323735633832666564323130303263386236633932363562343534326562
33373063383162396462643563616566376566386437663262666666343833643564316461613735
39373137396463366636336236336265653331313035386139373530633962663739303538396633
64636637363938363465313037393330353265306464343361313634353263353836646430653832
62613130663739333530303731646661643639396434313461313235333231633662613465373661
39303731623265623137313163396333323539393730373663313637666566313163633235343131
61316437343763363634376138663336343262643963353837383839646561313264666434663965
61346531663962383365656238326466656464643435663231653936323263333639616365333630
30653133343736386165643838626464666437616261373938636464633133323665306162386235
37346436663133633036393630306538663662333335346636306531653162643362636233343037
32336637323966366339653732376436373762613530353830393039306637346536363439343563
35613633313665643866373266323536366236346562323532313737636539373133613461663835
32616661613061313835373034356131663662626634633666356532623465613630626364616539
38363230363737613161313466376536643839643762306464323332646434343436643732373836
63666131326161656336383862323336623736393834323439316165383166373766663538636238
63363838366465333939376361386532653739386432363733363535666464623662303731333831
36316239363036393130636461346431623735336566636663646532383266373835646463643763
62646161323630663662333866643038386535353133633432623537326261343266336366663339
34653765343835376639323232356539626566336662633338373264353832663762383664383332
39316235623731623765636665616233623762373135663334663661633731623639323133323763
36323132356564373163346564333933663962326138356239396139653038353334
