$ANSIBLE_VAULT;1.1;AES256
39656532656435303966333931623232356135626332613731373336313337656132313362333961
6266383966316331373263333130646533613862383666650a653135303839313233613531313835
35306362653838623061303364386163313263633835613134366230373134326463316630353931
6235653866303537640a623764613762643566323338613437336230343937306231643766346365
62646239316136613862383836323135393234623931393333343038373733323131633039343232
37336338323536626531616534623733643836653134383865333638633833653533363732303736
38326338313737323439646461633266386161623666336565633139313530636463363637653638
36323363363538346633393766663234653832643733316231386138623836383437653232646166
66396631623338353463393963396437393964313364363232323833303632376130383632333734
35366233626537663632346334376261303832326565623662303562303739343763393034646639
37373032626662316233313663653065386166643961646232366336356564613666353030386461
39383332313062376532366461373339363836333238663731663263313735646565666638643239
63656633306366393634356463663237303036626131323034313931623161373135383439643365
32323537313966643638333263303064343862326465626536336262336164656235316361626561
65663863373035396663313461643633343038363236333032333431613038303635353638333561
66613333623835323866346561303564383336636430643237353531613565646135313061303131
36373336393764656430343361633561323237333237346465336631636538646434616232396463
63346566363331636334653830396139626666656233326135303034306161653733376661623161
38376562336264643238666532323034376232646462373162373730633561356362316435666338
35636332363232633561393562653533393736303066616361373232323263363166366633303433
66336330303666326566666136356232343963666534383431653164313130316161636632643031
31623632396132373034346237616136633663346466333639346465366162353931633061353132
39663036373063376335373964656663323261353930326539343339303464373530313739616438
38393930366237313333376662333162333030396563373039616262313662366532306666653961
38363235373737663564396132303237356132623263613639616163393131353331663132626434
35393037303934306333323966623637306266386464346433346663323966386138613933376639
33316161366230383462376261306630393132326133613034396162613239643037366361313334
31393161626366633831323761643062333234353365323065343136333764616231313236656431
32656137623666656363616632393939316166326336356231613238626662316532323437353162
61343563386530636161376361636435623961616663366331613030353466313933636535356664
62613732373031633765376262396638373230346563646236313964376438616461616139363262
34633131383434633361613336376461626438623137613134386634653131636531326336333539
37356537373235613161333864663631643430613033636363643232613938613065383464356366
34373765646637316337626661333665323331396638313164663262656365356537356666393930
34636133326333613366616636626137343666306463653666376539633432663038313363383936
32346437666536373861313130353832623834313034653265336465653162303232383537343238
62353263323862633566643038343261346538663964376161613832393961636263393639366563
34653031393539383431663237323164353531653136313863623366396363393833656533653531
36313331343439616532383536613163313432353537343464346535646238313831373963363638
39316161313965656565363562313937656465313236396665393133313366633031633636393533
33343863386566623865323534656237633831653337323737336636633666366437613939666337
62343563373636666637653534643934313137306536383935616131663462666434633562316431
62363664333039613165393162623032343863623938336139316165356534626364383462663466
65663466333539663064303233353664373562626264616265666662386565393732336361316365
61333664663861323432656563623735383162633563653161633061393439306464376165653233
33393238623037373739346464636232653662643733633461633363383638383131376230316332
39353862303862363533343664343364646339336436323636373538333730663437636136643231
37353961643437643836343237373166383437356264386266616363396631393134396631653734
32323834313366333937383936623136383366343631396135376264336135313165303336393838
31336237376365623566643733396333313163353064313636613133653736373832613131393033
31306630383338636533626636656434306365323031393666386162633538363339386664623365
64373436373430396332633335633738316363663234336339643036363637326437373137323437
30303939643063626266653063646330326563636366663365363666366332643362633365653339
65643331643863356231343531316437333465366365643239396162663063616131623134393835
65343632356164616132323337383066303932363861363164613136323162613465373536323630
38623933303133393461356164323137656630613966343366393666623232616162343035643133
36336230313733386439626562613764646563666261613166376334373566633463353164323230
34393935666238633532336164656163333862386531653761366163636361363430306635623464
38616536376361346666653932646532333030366430353634636538656461353736643235383130
61643166353964633031633766393966303832636363663838383263376537636536343931626539
33666431656661306231376263616235323062666461323730383065326361303664336432346537
31366231363239303938383634623665613132326637393636623730393631396563343638656334
37376535646664393731663034643938333134336339616334643531383930303064306363613237
31613333366530386333306265333138356463643235633231306638356530326635333161366430
35636438393538386362323936333462643432306538333764663961363264643561343137346439
30353662356436386639636235646164616334383261366663626431643263353566396634656264
33323932643965393633313761333462323537323133313130356466353362656334633639333535
61343962613430326338323839646365343838613336633533656633313966383134616131353236
30386364303035646662386162366631303561653966333562643866333561333762303831663938
31306231613765653565306561326265383264313464623362336530323838303731613437636331
31616662323061666161363961313133643032363536643536643432356266666436353166643130
35376161333764356236613862313737393036323430336535306531316232653637363061653130
36306632616130376561383865626662343735323163616635663864343066356161666537303962
33333263666531303538386136373833663363633338353939303161633633303137366332346439
61326664663430636232653631303032646138363631306636666438363432363130666165653135
36343335623335316361646265333262386334353665363437303535656566393438316539663637
32313439656635663233396664353633363166623933663039333762366430316239363430393036
34636633323131613764383338383733373666373764666330386139663835366430363961623935
31613463316238613032313364613032646635653231656438636334366433643636353661326465
32646466303831323231333762386361303137653736313933326164663137636663373233613434
37343739663166353539313631613631313962626266376338643733383734656235353937393533
61363136313636663636383632306634313165653334363334393465343764343135393335306539
31363735626661656136333430363835366566393364613139346134623539323530646538666631
33616536626532396639653762616562303363373334646537393833343764633638653737613865
30623635386330376261306166333632396632613066383737663534356561376662303564623837
63643239643531383966346530623733626337356633336430303765343834366264623830336165
39366634356530353038373961306632303036386364356263663134326664616665316662373864
30313935653666656130636232396638646134626264303464643065666566393665323933386531
63636434623931663439336263383966373531353166306634636565366632376262
