$ANSIBLE_VAULT;1.1;AES256
37393431363730626639313839356230313530613131383138613832313766386363613335356662
6237626438323432353537373665646164353761363530380a663835643461363663393332646162
39646631376131353930373232636465343663663534333032363835366431373266653237343263
3961356336613733370a333935633233633638633432323739363532663736656535343565316234
65316532376335373835356565346334663666626564646633386265636631376439626238393962
35646238383533646433646366623037396330633963366136633962306138666162666630303464
39343238386534656562353735346438666561356662393861326138376633313732613035303738
36316133323238363739663430353533343063316435326338326164353664623264313663306636
63356339323339306664303763306536613566306239376139393633366366646638663531336430
64363863336130666366666564656361303531663538346132633266636663643930383731313134
63346464356331616137633735626430393038373562336537643064313765643337346439663334
36336230653763353064386334353239396664636137313534653066386231303834303739343536
30653832643932666565343733643738613662386365383364326264626230346163613365653437
31616230373166626636306331373564636431346433346463326635346132646161636439393263
36666266616539303865393032356539326432303733633063373934356566303463636136356134
62316331623365316431636265636636643436663133643162633865353430346662663239386130
39613263313363396333643864663835633138653863643361646432363730623166333662316265
36653730383030306230376662393265316263656366383538393766646232376536323730303865
36636537643465623861323535303639386130616532333738323435666630613835393764343339
38313262313533613331636261316631653032323438613361366464353030666231366530633366
38306635343636316136616430376539316435356266356461653761323166356565353630633834
37636563646138353466356161356132326139663135383264633734373035313035366562616562
39363363316437336664643131623165356430646433333062636537316166336466656465306438
32353765353432343737343237633438333865353531393063653064623738386462653061383430
35383539316266303037313838366365336530623365383262346539616639646462366461386235
31353266356435396461383164613262616365366531623232383639393564356564626131646638
33396437313532323034633536623238383065623061353464336365313737346331626238666631
37373939323831633539313366383065623162343239643561343837326631633335623038363338
36653165663036636534313363656339363566343833376634386135356237346138636663383833
38363633616133643765646632623735336265666333623266393136646162313065343964636238
35376438643564656134323137633165386632656639353833376163613033633630313262643663
61373263323833333262313734356231623435666533383631663038366239373534326363666131
61636462656138663464386339316436303032333366303364396163666631656231313030623033
64643531326538646431646533373939353133356365623630353631636461623934623932306164
63386630393965306631346664323734313865336561333463643966653966353830626234306239
64343236346230363933623863373065356663653232633732313335316335656531616666336266
64333932313537376262623331636539613638626463613134653835313261646137363662343864
37383235653566353536646337326234656432373231326233356233376235373364643236653730
62656263353430333930366163393834663331303530393062666135653434326235356134646432
63393232323665666136336530383563363735393030333462393830393931613339353036363665
65353665326331613833646566666163393766346231613135653831336264363230613839616361
30623061393232336464636463333139363438636665363931346561383730353939386264356165
30306562326336333861376334333733373735633363373437633937353432366562336564643362
62653863363231613633303438393838316263373132306366303530626362363863333262303163
63646435316134326336366362616433626437396461333363353239623231656430386564646333
33363138386439333661313664393235333238363232626166643536633530656639356139316362
36383062333835313664613837326130653234353433643531653463613530363534653538303833
31613062333563393339386165633934386534376332646531363163633661356362366437643937
38356364653139373966643431383233336230353562613335626433623137623261396532323237
30393439396330373138336662633065356563363466366465333139303432613334303662643763
64666438336233326463373066366437653632363039646433633234373234333636353036323037
33363566323363386364646631623938636162636633656634363631633764363535383633366439
65323036616234333933343436396662613364396138613264663830396364336364393332633731
62363036383635393365623365626464333737356265306262303763383231336535386632366330
39393164313831663337303733303164626431623533633436346461333237353133643135333733
39303133623334396264373735313562353632656361396363376233303432363264363266636636
39633734323837346666323835383163336561396339343534353733376330613833343461316133
32613231353035633435613664306338336531663164633336313061663864366136316531313230
31633734326639386638383637393761383738353930356661366338303936303861616132636363
34396162373166633737643735326235613130386162396233393865626266653862366630396366
38653138376461353763616637656663356432653464326631666530333030313232323565303266
64613165623839386530666265653631393565666366633239376330656230366663313933616639
39366464653739616237633661666361346165353764326532316230656439383333333262363131
31653464653432623032666336303437373166623132383464343934343362653263613763663064
36666433326261623364313664343464616530643230633462373561376333373066346632366234
38313532353030333332643366363531396539383763323664653166333030303562643432336132
31336234623739396566616332626335303538363561386562333237633164353931363262666635
37626532623634616161316432366637323062613833303731613461313262316565616664306464
39633836646235373864356635383034663763616135383935323535346234336138656234613566
30306239636635343239616230343937383264326164656339323362656339306661646431316664
39323136643533386634653236323430663565633931323764333234363030353338626239373039
61633961323261336330663562363261316462383237623136623136373663326363393831343630
37313362333364383166626466306136623263623231616139363661616264653561363536306461
61376636316437323937633864666661396231353665356134393132653830656135313466343038
32323464373830666636356538616337663263653766306166306233626564666163653533626331
36366666336566656163393466366137363464373663316539303166363264343030623964346666
64396335303734313763393338363435366433313538353364633438613064336437363938613439
66363030326232313631656239376437323263633661316132666437653439383030323539396136
62666133303430366164396164393533353232303033303133663332623836623635656536393563
38623365393837666235326334356564616237393538313961656430393561323762346438653461
33626537303234656666636161356430393937396636643863363163353363366436643961653462
30373434383764366263363136636262636433353631656662643630623436326638643764326238
65663263623139343932643135323662303566373832623636333234306636663030363937353236
61653363376162316136633236303437646130303262303064643035376534343338646436643638
35303565633236663737323832326662646164323537356533626364306637643139636230656137
37643965393431616432633263336264393333383136373536633732623363313430386135653838
64306337666531373363306364343866383136393839653139353035393432613464363866353630
66336637313930656536616538356466393566363339323634623563633465323430306665313037
39353066613738323364646435623666653132353763646132393736363936643565
