$ANSIBLE_VAULT;1.1;AES256
34363336346530353630303035343632633962383130613130623036333861333434376435303162
6235343137633964306263373864613430646435396635390a366265386130623165643063376435
62626536383931353364386133363665306532613463356633386531346361646635336361396235
6562306638373164310a303839643766323330363164396535346137383733633637336365356335
30646133356665303462636430306433363366663036643431336237383036356164373661313339
32626233666662343630313066626464613430653639343039656137663030353233656239393662
63633432653235623765356332353363336430326431303938623033373930306664343230653539
33666234633831623835393265633361633566623666663165323266306630316434343338316162
38376464323961653766323463333066316465663536373232656333313933613765343461623436
62396164373366346163306339386133663762366532343233343431356166386261326435386437
32306338303139346564393333333631666636346537366333633739633665616634343665383164
65636334393737613163623336373031386533363864333763336532346662393733616162636436
63366537326331613439656430623434323331653764336234663264326163343838613636376133
63363537366133303132336461663562316162303661366633383364343539356363343938343635
66356264376566326436316139613831636461396365616465316439373565656636343865616361
31373262393637356430666562353837623536636236646533393439663161623034633365306230
37613230663537316238383063623638643965376232363931643364323666326166393963326537
31656333306264666662656366353364316633646662323334313733636337626163316362613438
62656138646662653361303239353039393535643431353763353863643862333039346264353835
32383032326230666638663130343064663637633436356662383432633966306136613663666164
31333461336335373935333761316634646366633139376130613562303961623336306632353363
64666662633532393836623433666537643236366363336334346231386463393838383938636637
38666436616562643966356532386232373039356166633662653831323130336663626463633436
33643036316561633731663066656639316165646538353666323937343438613038626363313731
37313936663961356432393633616463313231663766356437343963393762326663393865363466
65326264653739663266636163656237633438656433363336646165616338393532613861636261
32633863393863336130366636383361623564373432396330663038653765316264393563386534
37343332343930366561396238326362386164626534313536663430376161393362626264306635
37353638353062343166343433306532353239653933373032326463396266373637356462393463
39643230646330356534363739303737393832383539636266623730616636373338626436376531
36326265363038333461303263306637613530663236633762346534386637376366353934386432
30356365623038313461656236616635343334616131323238636139626232656339323565663865
66323530366564663334346637336535363466666465613539626264643965633433613466363638
37633530653164363732376564346461653232666437313062303762656632366330613361666266
61336265323531333335666337393531393032646564353732666363343764646139393539623933
32373330633365656130613662363766616161396261653962313030666366366332623830636563
64633235663038373430623534353164666161326438343066643130306335393161336139333337
33343565343966646235623630393366353566353965313435336165333062633337373862313434
35613031336135346337343835376438636130366630373461366361333338633361643030663463
66353634363831306236346134663935653331303530393634656436306539663535353131326666
35373939363331303534366435353233303836373064373335346431636332353230366234373461
35356362616361323662663063363261376166366362393962383138303137383137636537346334
62633031343966643935663261386636633236373136656564373332383337656463643636376466
31333533306366626462646237613032343434636663366137663738393463356666303830626130
64643464303532316538303536333235666566636163323366646534616363646663643831366237
65633831633234623739343165373065366533323664366230633637383835316138663239363030
30326363376265353738306262656334383031646337663861643762366439353039653666626432
36643033613533666365373336363837353236663761376461636234323639383162353136356630
34343135616135343831336336616337356330316365643636393239393231393936343335303834
61313261663736666138626438646433386161343730656562393439373539376365353231653030
38656632363763353930333666336638623335646636363463643532353766363531613137626538
64353262346530623233373339366234363330643436353561343333656262306636636264326236
36316635623235633262316538386561323032333839616438643966396131666362333131616661
61353930613239623236643663366462666665616161323431303962333130666261323964646333
61306539363030363263663862393066633966343964343564333063663935653037376431366131
63303063663936363466666565626662653766303663303030623433343762643531666532656333
61666163353930653737393334643563396161306235636564376231653264343032623038346636
65616534623037303164613062656466663638363261316536383737313933333738376661346639
36313766623161386530366638366634373035616362376439376339373737306366646238393935
30376134383862653761303833333262643963386363353163373066333935353965633837316331
30343035336362653838363961636666363233616233363732373333626232666635333465356631
36376261343235366634643266626437396535353231333465636637383631353630613962303761
63353662353133383964643738353333623530356439373638306131653933666533313234333736
31623765336261356632303265643831326561303865373661653234666566396237343963633466
64613563646335353334663364343863316133343332653930306632356539396432373537366363
34333862393763383562663065303731336434613033393537666262633434386265393037613537
65333530633435336535643664393633613833323337303937656237366437616535653232323431
34326636353732613637616264396365366438373734343834306133343832343464356661353865
33643162353362316235363364633935306662653030303135663731363064376633633236616466
35393238326366326531346333666262383566396661393463343161643161376664316564663430
33333238353036346639373632323665626362386565646232616431373863373864653862323465
34373831313131323139343966303165373635316636386637663738336462623664633964636539
38396532666333613537386238343061346465366538623064306264353732626165656661393931
34346530643339323461346530623765326631373035346536306663333861343033363131373836
30353439346134626133613466323466646461323063353533316535353231336234373437633339
38313962356366396538613566383163623461323664663338613531636162633666333534633739
64633232343463356439303836383332626334313736353338313062613831343262363866633736
63643161353438373838343833343939643961616534303362393166656664393439623132323335
36626434333263326137303037383861303363626436313030366539316164626162386330643734
37386130353966306330383837326535336561303439386162613661393136643536306533613262
39646163383466343834363931383934306235353232313861636563373737363262393365383164
62393033626231323665386630356364343132353461646531653530393430336638616362613363
36313831323063383233646236613162356132383262316362336637656437663037626234323337
37396332626230643231366231666365643736323931613733336632323166613564643033623562
30363933343666343862626331356534656231656332323937323939626437623162303161393632
65643731373138353732323362303438306630316335633961633066313631383539303363623562
35383833666237393564376166633962663461316537333432343539303064646339656365343237
30353565353435663834303564303739386334626133656330646436313135633663656536373466
30656361366635653263616365633461633033326234356166316634333130313564
