$ANSIBLE_VAULT;1.1;AES256
64663430353230613666616232613335313037346139386361393765636365623934356264363165
6333353834633138653137616362303733343438376536330a333437636465623139363666386236
35386431376563386635323465633863323837363235626338346262373031356637633236366461
6333666331316133380a346433376438646539336661653931663163626233353537666537633865
65323462326562333935656161343461303035353136303337383136326430653331613930666361
34656130323439633432616234633333313263663434623361383435356134633366393265636231
66653839616434316636643836386436613637306238663030333961316532363362333162646534
64383639666134396633373938363963323836306231633039343232336566313430656466353865
63343039646338643334343636613963373265383730623638633264643631373761366334346636
32343538613961636465353638306434613666626330383630613066383134653363373434306434
62343932643231303832363538393433633239353232363136376537613163333635333864343830
64393130666238383039353233336238333038326530316639333465356561653530633934646238
34633132386661343232353039393064643531363537636630656537363438333036306462653434
31656362373465396631373337353232393237656436656233623764376234396632633330343639
38376337336562633963393735396239363263353734633136343033393962636638633461633865
66353432363533613863663239326334666337383238336532353566393433663139346665396262
39323763666165663739313738333732666438623232333063366538653836653333646561303362
65653066336333393737333064393363666436346433646561353631653066636637366566663031
36313036353034626332363237653563393037646137663339626635333930363439353861306662
34643130646366373933643139646333646631326666623134376333643062306633616538386564
38366666663633316665666336613633346662376533653031666433386334353632343363323662
62646161613066616536616638396437313434386234663466653830306564366234663038393638
66306439303539393434363234323661363833326231376236383663306661356334383839356462
61366239333032363137366262356239343236666466613932613165373964363435623764353930
34623966323538393465313336333336313830333563353039353337666336646139666438343862
35643064373966633737316465323630353065356138623437343162383866383130656239643032
64323938343530656531396637323665363530313032313337663161343765326430616136633232
36346334636130613133643966313134623931363934313537333039313164616139363431313563
64616662353661356535363331303533663464353232336238353263353166353866636261373039
38373638613137323030653465306130323865396665373264613137656565373831636266663066
62303531336332313234323464333038366438323433373132386163353931363334326437376630
31353935343934323864383562366130326436633966633539333432333034663639636230306462
31323662636435383764623531613335396135643464316333666330666631623633386336326663
36346336313234336266393734356632366137366132366166666336303063376665346464353363
33396436653537393662653762616131313463663366383135366130356164326238626131313731
38373834316632633361626137313264663235643335346431323138643532343838613965303365
31626137633535353964613565393465633733363739393735333631626137343431343166656332
37666130363236353261366163363363366434386331616336356536663236326565663336393232
63353837383934393236313934396239333631616438356536326138313638336637653164333130
32623532356334383465376232326462653430336637353037373061613662373431343534383664
64396662653235326236653332636361326532336531306137653062663230613530646564373530
34393638636266356234623132666431623864326337373161633037623430636238383363346235
35633136623833613835303762393363306436656137353339623739633734653165356639616366
30316438373237306632326564336534333663613661393438326161353663303332383638616137
39663463393934346437363330393063663462613535306565393737356530663061666338633161
38663662633536643339643133373066326537393732613239363266343065356163313535653465
39396337346539333433663337386239333766653934653735633930643838363338343463626138
64333839636666643036633930643430306462323437393231623236353163616436303034373663
64333531333837363530613637356165613363666637663066656333633465343735353763306466
33616133353837353130663439376339323066313033646430613662323039326533303632323736
61376634316136613336396135343366336230633037636236333736323132323565653030363239
38633165333066646638616261316236643238323836636661323433333064636638353963383132
39643664666663323463303938643239313136393832663764616237323638636163623064623533
36343833343439346362303732306431323966656664643333653433336162613338646263333834
38633266323265643063343139386338306164626638663464323638653138393332386538303732
32643062613237343338393134323036376262636335363964343838376633363331666132646236
35306666323839333030323432333463653766636638656232356532656336346438663431613533
36313835386233343732303935623066343364393235373564313962393631323065333130356239
38303737343663323533336265353166663038376264356663623062313762383231386130656334
34653137643564326132326265656138636233383939616666323935333562376437383165343338
37346338393438623934396566333131646563663930616135646334666335663637363033613332
39613835376532393166386561383366623232613735656336373131386332633561383865666339
35363964663561353333653263373335323938346235633538343366333164663232646533653033
32326437653164363366393431376235333034343038323832646437613665323263313438326138
30366264376236313862303131386666343761656333633339393331646165366433653963633362
38626432373366343839313636383365343661363534306234653433623062396632643232666663
61353263393239653132613961333031363932663563343838663163313337303531646264313735
30313838346433643636316162356530653931333639383138616537633932643935303133396530
30623338376136623561653538346265663333643664373263333062336361613636303838353765
66306565313332643566366330303365306461353331303565393462316461303233366235306163
32363262353031376561646633376562323166643031653362656332336665643638623562636139
62393161653537313734373037373539323230376238306466613739346531643166323766636665
30623430356136383932346232316339666566356532643037363865393931633232396133656265
30353133303330643164613537336231393939626665313865623238626566343734353566646437
64313737346336366263656630666634633762346262383361623032663635623736616637393336
62356630383130346631373133393163383539326163373661343939393435656530353830393635
63393634643761383636373230363566313965656439646136363766646132383731653234623437
39393263393738653366396363336637333037643135346463353432396664343864343636633937
33633934363334373437613163353834636465363063616336656137613764343132613636393461
39383938646338366438376630316233353063356665323463353265376165393964383961386263
35363866663261636163363032646432353433313736326333376363383336343862616561383966
37323661373966653230643663396362656163373061303766323630303836376332373333306439
33653938303237326165366534386130343036386234316437306237363861643135623935666162
62646666663138356164393436346665386363316165666563346530643934366331336163383465
32613463623230376539306665396439633036313665643332633532376139633262333962323062
31373134343966626463653037646233613736656164306663313134383930653334656162383139
64386333366531316265323430363165396435663730333239373338326664303435363330616330
65633238626536303265653565333234383730373738306337386639363934616636663338646532
63353630363438643830346638616665613539623232613864613438303134303132
