$ANSIBLE_VAULT;1.1;AES256
32613962633761393335633938363332366230323766643364373737336430623932356164393665
3464303039633961643461366533396235343337316361350a636335613733353562356166653034
38333061373562303032653063373961353539613261663831356335653135616531303364343836
3536613833633531370a633935633439646634643330643536373963356366616362646232313032
66623861653164333938386630653463346239396430336364303732363237316464666433636430
66343936333737663363373836363862643065383030633165316232643238616663343934656239
38333063643735653239323034323430326330633765636263333037393930653561653063363031
66326166646464383031323033643834396363653638613934613964616132623463636664353538
35663533653339373665353164386533643830326563643466626431323535653135623133626462
34393535316565313738386637336238366435346563393063643230333864383862633135653230
66666431326430646337306665333530616366333932336139646236636235616466383634323366
30626134333730353031346632663961316164326339373066653939366430313237393463376362
33306261343939356430663939323030626162363166663437316330356166656432346531333536
36396131373237333364363531313565636639663961623831356431306239366565643530313531
39633862376662653463333136376164633239343861613233653531323063303638373332656366
38383465366366323937633937353738333162303631636639656136323966653432363437356535
33623538646666363032363065613137396332663832316334613536623433376664303238623366
66356561323435613035373238653063303463383337373563306361393433613132613836636531
38633734356137366266303531346137343263303361313337393965633961386165346633346631
38666263333334663637373361353933373532356165613237633130323032663037393361336233
35386463656564353661313161313833333537323033613835623338663139383236386335313966
65396335326431626136333530666438643661326139336238613737383438343638303331663361
31613937626163333832353764363039313738303035623439376265626636613733306434346432
37393432346433346538303834333039613461323739366438313839313462666266623135306139
65343631333333663139393234633266313736316634356535613563306262356434393063376435
66633334653735343766633866663734326430336664653038376463636335343464303161386534
66666565636665623239383433626237373939356437323566373432333463353932396138343439
30613564396330383264653531343232313332346539303961386236613838366335343933633064
37313330306634356363353435383065653437326334383837336131663663386538396536373761
38393563383437623832343731653166333039633663643462663535313236663366653637643064
64613162366631353664633765623862306539356265333836323436643264616431653631363732
33613835373432643038633063303831306334646530386136363738636131613631656661316663
30383338303233363736373162396634306633373736386334386562393836396239323865616532
38373264643564343234323264653338646432643231626463656334386630646635663766636133
37356533323561303333613433643164396162613465303538363964373061333965616439363130
33666137636236373338643036363562363734663361646166623534623432636535663461626332
61633762353364303862336563376439653631656637333364366361303764633863626261396262
36623936373966643934363830383339366161383533623361333836663639323933643666303962
35386431653562323631333735383865653632373237373837373431316630363638353938623333
64623766306233393531346462373333613839623035366432353964383630666234346332376235
34626565663230666636616232323165306265336131616661306437623966353462363661363465
38323939336130306134666433336632666535306164346236393032333037333235643732633462
37383332346231306562663462383635303130343532643563366263626334326234373961366361
35363436643564653531393461656563656230663663366362646162623361623233643833353638
66396532326330356530633761356133356634646663616366353133333964346533396665363933
30396166616464613066396431373837646266326539643162303462326462383739633162316431
33643835643931643831623537316166376162306232306130376132306363373637646332653730
34313365643835343038653464373561636238313933376536666437653933643931346535636638
30316563343664363530326537653337623535326438353636363637306234623564363438653261
35643239306434383836613962386463346563393731653737363634343737366136316237656362
66396465336435663031646661333039333032393863313637313633656130336265613933323266
30363731616338613034383932303762336539303336313166656637393530393039373539343435
30346366653039626166623530626633643039376366316231613636333333626637623163306666
37396630613737336339636133643432626565396134333661303939643861386438613933666262
32376336633961333464633666623635613335646132363139366531646335323232363733616131
30666334323161626565613535663037646435643838313038313334313261303935326537303034
39383765666462623535363437393230313435313866376562333363303763646630343161356565
39666630363139373033323132643863366135373233393232663266653330346330366532663362
38656235396661343433333134343466396462663035353362303831656638353235616163393761
38303064373435626465366535336636313365643834656266323136356231303262623831613764
33333061313939336466393434373332343233356537636238663130613139333364633165653761
65373434333064636333633039653335643833666438326336653363666463303362313365353732
34376435386230623465313335313839626132306634666563653139633435613732636562373864
37363739323733666638333936616566373137333030633731323265636139303061336134383131
33383338303533623037343066373962643830363665383764316464613536306562623633393337
32643431373734396536306361343339376135313530633038326333333565343437313039636662
30396662313934663833653162363431326432353232626631326432323361666531346366316439
37646537616533353237643530386430356639636231303637346433656238653137323066623431
66316239663865346663386237386136343161306663376336633534653566633231643366633238
39613866363062336237323134646432313066336332383336643235633630306430663030393866
63363164663536343466333338343262376163363137663166376636396362343862356238376135
63366531393530373230303233656638623934613234393766353062623630613966323933306361
38373237336237323766343664306336613431343233643162323562626339353034363436613464
35313034396466613965343664663931303030643539626136646265633465643162616666643635
61653761636561313365303635346261373237393965643463303164346564356135306235386564
38656433666131336230333030643065653561643034363135383361646136666139306566343731
38353463333636363833636535393031663139656561336639643739396162303730336364636162
65656137396334626566373134316333613366333131303763376232353432333533333264353538
64623636623238376432363538383664353462323963306337306530336563643765646161646261
30656663623166653237303338333263623130393136306365656564653865346461626130613761
38306433336362313038613535303731363131656336316164383239313935623966313163333361
30303637393130373961343166303135353133383037383363393536633730643366393431653930
36666465386339626532643239303164353634636563336561333365366361346538333634613264
33633639663736393430663939373932343931333239306639386234663665623239386361663834
30346662656337303764623832323835643837303738343234626635656361666537646662653761
65633064613638366239643830376637386162643931393933653933386134616533323862636435
36373264383432646638346437646434346264623739616261383534313266303863643266326130
32666532336235313330626535653731393837316335393932653339643334316661366434636134
62306631306333303464303632316333323535656133356439616537306536653137
