$ANSIBLE_VAULT;1.1;AES256
36663133323430623061363334376532336136393632393430326138306135353436353137303931
3634346261656136346631373761323638633934613566300a626365346563616431376366636635
35343535643465396634383366623862363166626332303165393434316139353661646562303062
3432643935373633610a343032393434366230366535636361383935376562386532646530333035
38666438383439376566646433643461616336626436653939613634653762613030383032363834
65343536373439303737643439343036383530613732613731633365323234373438383733613034
39356165663830663463333936313038666561666231646636663331636662613337633831333064
35396565376630636436343866343861316161376466393366656664373062383364623266396464
34613633653934306164616435336661663535643865313866333738326539323336363663313935
33653134653062396163303731656465336330356238666265616361616437343063356462663763
62646638393365313166333138643135383932633164373831363339373336623666623766636534
62626639626431363362306632313030643134666631623464623939373762393736633035383865
64396131396463613265383830396130396434396533616465613831333063373963633064623037
31656661643530313231316563646532303137363834666666303563316533383838656564386262
36636233343432363138303363623765306134663865373332366139653535633933393931323639
37663334323062383839333239363332636561303034626335306132373364366365663633653732
61393936373530373337313361313534303734343361363132383062656637343731336266356464
39626166376263636264313861653066623765613831653530653130616432613163333037383331
30346130636262313530333733633734643537393034623230653566303162306538623434396430
36343539336366343162633634663164306332343563363932373562316566326662373932373162
64376462613630313363653237326537636138323135653630393730333739326261646162653435
33633937626263663735333634643039336537343862356662333131333532393437303033343239
34353234626235653862313838666135313766636236643066366438653635353463313863623962
34356333633838623564306237646532386239383636363436343764316666366332383130303737
62646163613562643464353437323135386566613037333438643466653764356230663030666331
37623664346531643035313537366566393034626232366437386635383330313231656235383432
38303435666261643763396132656438643937303565333239623933656633373664336338623835
64326334376332626138366536613961623964366261356562613763376231336665383563663036
33663463613861353639313162663231306639346533653834336432336262613139336562643362
64623763373166323136386466386230613435323430313862326466326631333337663736313231
32373265336132313536316565316438356537623663306464303934313630656331633431663164
61303337376263373331663462633237323762323834613837636337376636346434353434346662
65363438383663633939666639313430353765613239656638353336633739656466373863306138
31633964316631646537663130663439616362663363383266356465633138363234633432383364
64373263663263666265623164376639646664373532343735663932313435366132383335653864
65616632613539613262653636306464393263353461363533393934353036343331346439396433
37636431646336333430383634633838643933626463623730333963313361373933386530643163
37353935613765633237343364646166356636393835386432323836316335383437613937353965
36653430326530653435366331356466386465646132663365336231346465346636663531653330
33636337366233623333643035666431616564653561633164636235656230323162616561336534
31383832653065623239323837633037613039343536316334323936316630633832336337643963
31353738646261373436626533316436663736373637396138666463373035316535333230373031
39306234353339613162383164626635643836613062306462613535383363313634363965343837
32333635393531613231383438613839353836613261313863623233333434313135646362323861
61623964663734336138656335343132656561626632313137323837373333313166326338396631
64383936306366636430386161616632643133326431376164353866326339613131313231626664
37333664383761366365663837376332363737306263663034373034316362333239643463303761
66386465663763653161393762656235313535333832356139343262376131636638353663373336
35646265613261636230353236373039633966636364313566366362363038633334333565366135
65386336336666373131373130306139383532613163366662386635643162613434383664333230
66313332323434613432306236373132613837643831313131343830323531663233383335386637
64396466666239633939373865356364316363373837616136383061653264653665373962663330
63386639656466663836386436336338643638303062396633633033373962656333343764643863
66306565373332663061656163343063383464663566666238316434666532366531646133383439
64383130346534663730656132366636306334303132633561633263303761323434313461343461
35623435626134653831306461323736653634373364383830616666613161363530623335636237
63366663656230366536383964626164656464613064333866633965383734636633363934323364
34643963636363666538643337666134313362613062653335303061393366336663346139343162
66316337333333633938643134613365626662356562363061373636656465363234373936346438
63646238653132353639323833343937633565633036653065343762613937643937643335333732
65643234613839366637353035313261393834666230303764666431633835373431336566626364
37373039336530613530623863336232633736643237323030626439656130333162613233646431
38633237333735656535623236373236346263303735646632363832313234383233646466626638
38666538373039663562613066303630373331363866616532313239653934346236636630343132
30343862626263313861386464653631643737353037656130326631323130353235313262396465
35636133323234323237653330633165653361353161313139303864643537613438393139373564
61323735343763353431633635346638643239353639616130323964613866633261343331643335
63633130383437343265346230666565323064346239343061313135363536646434376636623335
61353633306336666331383235336433333735326662666438633537663332303935356538303934
65393261626432656237333266313639613162303730373731396235383265336536626534616339
31656264393065643964646538346163646437396533636665643636313832646362333130343165
30353961356336383839396465653261366535396238326635646263643038393462633932313664
32303632323437356266633833323064346461313135363261333436353761323730613032386531
37643764373235653834663765623034306434313838313662613133393034363662343635363537
39623962653266343631666230626338623135633833646434313036393335613831623439323938
33646637316365636639626137356361346431616161393936393030396137626137376536383961
33363635383130353366666561346166373230396565633038326234623530366432383038613535
34633630306235633734353432303639633132303937316431643535353437643530333632363164
34626165326263343234366139326566386236663563343763326364303963336533386161346166
39353635636637663130636236373336323930303630666263626265373438613964363637623032
36303638373463636664376237646236636435666162343937393639336437336331616463343136
34393532353661623038646133653064336235396235323634653661356132396135333764306533
36366132393162353562366130356634386466353161643936646664343563346630393161316531
30663237653238393131303930663330653263626632623833303634343033653236616535393665
65333530656265353261643065333663363935343236616165323336333035666432353737633438
38636335303430333362643661613039393432636237643532366435396131323737613465363732
33623339383736646630633665643437373934633563653234643465666635363461616334653230
63346237316634366238613666633830316432393665383138383061316433343338396436353731
31316661323834653839346238333536636337373365396330626130316232343865
