$ANSIBLE_VAULT;1.1;AES256
39623365393634343137386365323538656431373231383063396139373531616239613534633837
3466396163656439313633613537373862623231343466650a643531343033653830386536653633
64666463626262643931623461383239386237646564636439653932313637353233393166666138
3132383364323534340a376133303637363331633630346239346531373537343964343338343833
61363934656361336365383364633665643131663538633936653166323636656136303435343764
38386462666561346630616665633138346363613564376333663362626538356434373430666135
39346635366136643163343964666666343132366533386535643230306536613638636130636538
35623962633861316236343735396632373231653235666236373934313739363064633336626633
36393630306639376239616463333836356261383561353466646134373861633266303636353432
34643539363266343834643235393165363666653963306233333733616335373032313737663766
66313738336334666630343263653561383038353239323134663936343839613439333563623663
36303266306238633937666234333065643666343033663331613132643764323863353638633361
63616566316633323334373536333432376635333033333063653237613736643566333363376665
62383363343338666463373536613366623439636664383137366262343031613130323734313039
30633765623937396161613338656239626539333336613033323235656239333265303864356466
65383431383961623030366231336132326433376136376336616437613839346335316332666439
63613130363964346632633035363363666466633661666234353531333938323961656564623137
64633230366434366633666263393561626263356464396465326130343535633737396266613564
34643161663365376563316664363265373466316431306365306363386361333538346164316566
30666166393930653538373764373861363162323532613166323838666466306433393164373838
37666265656335333630393831663833363763316538633664303337363039336431623536373534
64306166653833383530616461626130303632386364373133323938363935326137333031313361
63386434643234383439363239616432396130663563356537356334306165343538626533353064
32643261303137366639666463373665393134316437333639373434313835356236363863616463
62643634633062316264383662393334323463626232396232303963656662396339353366663565
66656237666433663538643734323033646362623036333762393466626637393839633531653734
31323363666533656261396662623631616437616530326230313532386533393335373339336162
30383066373836386433623837633536626562373061343535353466343139323263386239363439
36663538353563393261336435366239326230323131656266393534353964633836306337346333
36623866666431646333323163326635353133336433663338313262363134626337623938653661
65333063616165663365646464623730333237623630316464646637623233323361303739633166
36356438616262306261613535383238366633313761313433366137303839343933333334616237
64386462636264393937616363626232333235626461373635313333313939616436333937373634
64613163643764373730303339666261313537313762613932316438643636663737613363353766
62383865313766313966643137373366376663336263646365336262653866323236653463353530
37633435373861636665356266346263323266323665386330353438346335373961323330343962
31333365646430303234626538656536366530303666616237373931303862376637313838363664
66353732306265663935313464666163376463373466643262646561333563633031386431643531
66323036643632393134316238666335373338623163306532313234393834653135316238386237
61396530666361376639633137336563333938653731653036313861333234366137323234323739
33656231623231323734393439386464326532616531373565393336623532373166323539623961
35326265643137316563373133663434303339663464636639303863383365323535636131643533
36613163336266613031396239633264666136356230386465656631656137626462303036313233
62303533366239636639333534326238313034346239303566323361343031383834616636333966
64626136353065323566376537326264383538393262343233333939616565323565366265343335
63663336643336323836363539383164646638653638366362333163643132353261333532643663
30346330393834366662616536363563323866636263656232643838326565663336666332633232
34323239626164313835613063386134663264313536363564316134613363656136656439363361
65646261383665633461623839383030626630313730323831376130316135653563653337363031
33643539363862353737346436643064323138346239373339356532303434643764353563343234
37313833663336353763323839336632616365666366353863366462356439393634393137333565
65376134313235653161653738376565376534316335626239353433363363303630633131313232
32396565643336616566613130353039653161313931353433303130306134373636363866653435
37376131656533333763616231323439393430613835363034306561396330396538626561316431
33343630373339333337343665303834376638623063663631333230373236636432383665306264
37643536383663323436393738313464346666316430323265616437653732303534646230376439
30363139626239353939313930346537633062316639653065616662333566363436623662336562
63373162623064623838626138323864333261333136343436646632636162386564636564633234
36656238323536626237303264646561383030323763663932396430353266323130303761643036
39393361613638396335386436326163396561396236343666633430623836353466303865396133
37356462383439646435393764393262363966656265336230663538353834323666633663366630
66346139626130363964643739653263386434366565386130333432636634623036356131636238
63366233616530343937346435636262653462633166336262626465396364636338616635346236
34633662306231343062666633343833663836356432663531353234316262353366383838356666
64383336613931653163656562666331323435663763613035663662313266313064363565646366
30386133653333353032366239633765356233613133636235326364636134323566316535326366
35336636336163393033373439363863663235306235323739616237363732373662363062616336
36336530383830643237656437383437333232383064643864383033613266316564653435306534
62663664633364356332626164383739616635646164636539396166343863303265316437646539
62373062616165326530313665393034393564633631326138656662643731373639303262636161
63383862663830336334306461346430633437303935326138333331323637643839656135323132
39386131326238353363326461346466643134386236303735383039333330336430643438333836
32643437663032643837326461376566636336396430313339333465653565396265323862313239
66333162323336356633343730653035646439633865323931643766626237303562386664383666
62393664376263643630306535323465383466623966376631376334313639386363623939316264
33326437623835316132323233353438613365353066363332633336373738666338356564353331
62666132623833646431396434323336396436333262313839313936326461316539616562623636
33666261623739326236393361633531373338383762623838653938306565636133363537653965
35343430353634656139386263666335316337366461313333366434613632313936383366346439
30316332323130623837343238386664396265363639313939326439306662326662376464373537
32646131313530653434333363313637613336626231363137646664363939363239386531343234
65386236646331363330303034313031343962623961323132366165323335636334333235303831
61663564623764323365666532643939333637623931323364366237303833643062373430383361
36363962363765373861346563306466646230363861623730386166616331363463616565353462
36393833333330396139626631323530346366636639303030353638326165313338386664336233
61363730633664336464396461333039376236363233363064356464616261363537356438663935
32303339393866346163346335346637326663363036373366336531326564643533356231383836
35666662636439363733373462626439633765396665636662646333613533653237653536633031
66353263623464643936306431396135653139313733313936366466616365613830
