$ANSIBLE_VAULT;1.1;AES256
37316432323437336537323539303039316134306366366537653162633238386462663835363435
3031656633636661303433393736396132623737376338320a383766393363633337393031313038
31383037346465383434656535383630326562303663323737393536653930646634363066353238
6334313431343737310a653737333562623764386461343930313763316364646662633139336639
37626264636632306231623562343162343938626237646536663063346361376439326165356561
33666533653066353533386666306236333730666662353330376163333038303637356434633533
63633864663864643832383461356665316139353862336432353036643736353765666134326333
33613531616664653866663739313263303332343137636161323935666561306631316666636162
65393761636662363938326131653233303138356164646266643432363735666263366337653939
63636634313733663461313564346261663936356561313665323333336237353031653637363235
30653734663366316136306666393233353830373564343865303435626662313039393963356237
35353231346163663739356563376466666134343932363365623933353938333235653864633263
31373035356638313135303739623536653636333136393338373333303130656439393865323066
37623135633530333731633739316434393531316535343235376461633437353536643834653162
64666138383032613165616661656633383630386161313735373930306262656562383666643834
34363235363235633761643835626135326661623136366239363333616566343330663435636362
61383961303962346361396230303933336134633264346634633565343938396361353231633039
38346233613335656637653738363036333232646330646164613663343462643437643463373238
38643362333632323961633533353765363561666630323236373534666338363535633134636237
33336239653965343833353331316633303030316234656661643138396532666339303538666237
34613330343766303061363963306463383839623364343166613965393132366139396531396630
64386236353835306434376233646638393536306238623166613231616466396438613961333139
33386538616566323661626163333665343466326563313734373136366563343563393662343161
61666133303265636165386562626332336638616135313732343333306535666138393233393763
38376334333566303433666263663835343237396632333564373337396637353362386630376137
33356132356231623932646536643436343130353061336535643930366464343733396136323134
35396135333530323366353665306430303331316564353135646165663831333564343462383139
65373133633339643763633635633632376362383534333639333261613034623462653539356462
37396464323335343837303434323165343264333039643931363432333632303930656561656633
64656236383039666335393864323533323838363832633333613931363565323733353233623339
64616130336334353436316431333435303933393434653463626666383931613435643466396530
62363637666636313437353764353662356636323832346632633535393532396130323832363566
64643435303839363661313966633433663734643936313833316533666339386135363063613365
35303734303266623663303766353466363633336635306137623539306563663563646437333965
63653836626265663163313265653438323864393336623533653839393838346335366131346631
64343136396664626664343963353935343838313733643338653138653230646663303561353634
63376262323438303366386430373136396562653139343036373163363366323262363461666333
32663030353030666439376437376631323335616663306164363039333832646133316337646361
66313762363464343135313837353232653832323734383230326631323038663639323738643561
61653832643635306261373366306438316431656166303237303439646133366532373466653161
39333538633863383863323734623664323866373262313832316336613139373133616362643765
37633263633861323933376465386232303466633938353636386363633433353265393735626534
37396662326536653466623832333939316361393866303863383937306565346335643163313237
35383235396135313235383362353962376163353930363364383236303131373538313036383062
35386365353561646532623438383433336366366630326166323238356363336235323766396565
30366631386461656463613565646165306637346538396663633763393261373231643532323131
61353462313939386637346238653363366631343631613764313366393436306434323239376639
34613562613936646564303033316461333261363539313063343666663738626132656634376661
66316161646433313936373632343135663930363034333065353338313562666634633634623932
32306364393530383035663534623866333063663938326130333138356464303065393831323065
34653932326231623361396465313462323963343130636233323465323263343363346463366166
39643661343530303532333138633837653631373366666462386439666234303434363865393039
38303638363064373630303835373265393163663536373363346661396136343762666561363238
61383437643333373662646637616666363164343633313361326263326537356539643930646536
35663532653539346136316633336465313936313832346630373333383837626537366537653336
66303337396262323566356664316539666263653934313936336661633636313936333838663939
33613733623966633735653039626266626566303638313830383139396138623930373138626636
32323231646533326566343363666332313837303230323033653962663934393631316666653635
65643132353731316165623030363538383030303837343931643538386165353333323762313564
39313965626134303332346161316333626130643462616330356133353536333762363661663130
34303738343132653134613866643561616437623432326362333064623861393635326232336335
62666135646164333566306636363066663536653730666633653534373266636439333261326137
66636535353535303766326230333934626336333461633432343365643635396434386434313366
36316533616361666236386363663539373962663133313130653938393436343663386663396662
30333233323032643165373863313164323630343566313362646233323034373164343163636266
30313063636261373062383532303831373961643263343832653166303565356538653162373937
31386162336331343839646234393533313331323532646133353636613237666431303761633233
31623162366163343339616233333564333831353266363835343232333630353765366334633937
62306662616637326635653732336232623461626235343132623566616466616636623764323064
30623435366234303632323465613366323963353764386330666630663435646265663633646531
39376634353361626264343162316164613037393130366462376537636432663432353865613661
38306461323339386439326236336264333166323432376564636661353834363932343734663566
30316635616663313930376638323339623833646562613334656464343164306537626336346137
34396532626464613033363464363132623665613863623133623766323734373265353930343861
34386136616661336565326330633461376632393330393562656562333039396464643730363039
61313033306534336433666434656339626536373632623836666530626637346637653939386434
35623836643437343331316563363438653539363031323966663035363561616637316335353138
34353536636663373762646633613364306631316334303661346564303234396330656562663230
39656639636633653339656362643631343662396665646333313838386537653630646439303564
36356135396536396334316264343834323531333362376464653136303265633737313961353331
34333732623433376231653439376439383632633637666634326130653363323866306332353763
39643333616434616336333932363934363836393363366131643532306165663433383235326364
63356561646331306639623034643233343231363965343062323531333736383364376631316161
33393834663433663239643366343335343736316636356436336432346136353563303139653066
66373165663362353731346435663937323637653166623335656362333338356432383565626364
65663763313539303535336564326662303638616163646566333762656362646634303737326237
31613464363265646663623634626130383230383232613237386637353865393233363064366235
32626537303231313433373431306432653939396134336537343938353365313534323830383032
31353731396533353330303338383561333239633163313835386663313630663137
