$ANSIBLE_VAULT;1.1;AES256
61313165333563393964303339313833623239666537623037383464303930386131313536366538
3663333539353330646366306337643135613233663362340a376363386333316130643135303830
61363461653933373933306630336536623132396263623135393165363462656362653439323833
3831313762316135340a303463623064653865353739366163313136393061623139356532613138
39386430636137636536633734666566633734386333343666396662316365373161343239393635
35393962353464613936613763333162633532303532636562646536326165333863363264313162
35653633386130616533383033663033353662343233373339323531343135356332653865323861
39316231356362643737303435653766323861306563366563306261316535333738396563373861
34343961333135393063336365383632316437393533363239376336306631343833306534383331
62306236626338666263353062363334653833623765353365396538363338643666303162333132
31653038656538623465376263343935343661396538373938383833313262346134613262323464
33653936353962653933383937313932383935313761646563653537393032343037323364646665
31633831366136393530383336396366613037393331636461623032346132313733343834366465
64666265373136383736346266313832333538333064663366646133326538386462623338316534
63376436373230373236356463326432333531656165323032613036393666396438353366303435
34613534396439303839393562636132346662613038336631653965303064393630363262663965
32333939636334623661643864373461346266653633326264333562653335306530643263636632
39363662656665323336326231656266393261393030656665393138386133643334616638633561
64353963613435393965346662363665646661643938663239626136353836313133646164643663
61383833386561353637386234316162313563363332313163636130666633313739393233383739
32626632326561613336363438613163356464626136333135663931613461393738383661326130
35333564666437363130653839306136303032316561333036643738633031316538633938373836
61303063386463653663396433306263336264383434306232326531366339333263386462663166
65653632323338396564386334313834623633373333386662613339333465643534613361303934
66356632613665313734316365623265383935653435363766323637623738613261623038643565
35373762383236623261386238323731626637393935386130633739333239373333356432353535
35663266343536633865666334623035306532336463633035346663623063643037383964303633
34373563386161383433343833646638656137386135336332653434326339643332366438313635
37333762643337303334306333633034376137333334663937633035653964666238313164373930
31386362643635313361386333613063316534333833306661616131626233306132663863336637
36393264656636613032373530626535363438386432323039613132646362626637383134353935
65376430636663393663356462366537653037343163383837613834663564313664363062623265
37373263653837373261383435326463623634646434656232616531633130303666393230306333
63613366376436663833313865656362646133323331623239636336393233336134653038623330
66633730353133363135663766356365393536613638353736623933396165343937333338653937
30666565646338303731383033636238376436386434656332313534363638316138323931323031
31386339356337616437623762326362666430343935373331616465316235376530373039633337
37663766383064613131386664653734303633633333363635336436316164356433376439373863
37663132323235633865386137393431636462303062343530393033316138383432303163316136
34353038303631643666643530323939323061333163336566393138336335396333343365616134
63313965653139393538653334333564316237633032656634653762633963306439613064623262
32613165313665306163313737396339643564616563336133666333643137383238616462353937
31323635623131303663643261323962333031646665343639643335613639643439366232643239
37353861316165323461373566396164616165633836646635326133636561393664323236356337
66613235616433376531643964663161303065643366386131663761666362303532313236386532
37393861376630666665343664316466613238393239323565313532353131626630623933396236
66386464333534376361306162343237333166646435356665373632393533343034366538616433
64386533616437353432393833356439306332656231636237613765373030303631313761316562
35626531663663376161626233343963303331346239636662336134363763366665666537656564
37356632326566623864633465626339373865623835336564393032393264343436383039663161
66656136623561616137353432353831616633636337316331616333646238376230646638323435
39633630653666663331646234633065393432306366663562316563633735633931616465613839
37616435396131396266306531353566623134636332643565303738353963633961373966323235
64323230653566356530623666633162373936313761333732326465613966326433326236646561
63643533623838613461643762353564323139613065623665366562356438653137646262393962
64353634636564383263303934643830636366616164363530363236326334656439343231643163
37386134663735313366396532313437653333306162313535366363626164343339643830633439
36653563363561323233613666633231303530383366333166383866343338656362346663663765
31316332663664353866356361366666396461316164396266353430646161623231356163343237
31663766386336653761316637383730636438663430626662666465663236383237313337393834
31663066333063303262643934316637386437343036336166396438623461396635326634303738
37333261323234383331383734623436666637646535343636396330393161353165376135376431
38663465646563376230326665643533633436633635616565316361373466353032666364383632
35396135343432306364633264326238313962333733333339643863313362376331323330363064
30346638623831303830323038303633646339303232363266303561313436623131623861626330
38343161303139363635646233316437653236323661353161346366393761306631666639313730
63333339613164373034343662343331623366373161356561643438363166386330393832366632
65643538653339636264323363363334386132656263653837613764363839646630356630303134
30323432363430616464623836626264363336663930656566343436326234393066376635366232
39336661363132646431303061613732306139623465303461316631346330616165383165636435
63653061313165353334366433643339646138383961373535643637633165656364323362366336
31336162613339613563643532613534373365643235356637363837643635353233323536396531
33303333386135646461386363353738383463386263333835323266373561323538643163393433
66613036623334313262356166386664366666386630353962623934333934313564373738363137
30306466663733323931343161396336333733346530306162303337306632653039383065623531
36356463323434356466653937316563633230623034336263646631643431616265386436373535
66346138616666646338323830393534356530666236383165373034663038306139666661646532
35363637636230386336373865363263666566313764306463333961383031303961336466643936
31373264623362663634326230616330623965376239313339383631323838393139316439363065
64626265313761623433336264353035306165326336333065343039353333333036326134666364
63326432373234323961323636386338353036613237373863366265393761376335393233323132
64346363356634396562303663373436646639633437303866636661646134663362343364393335
39396162623237323938643631663831393531613338663238356333623638636139616433316666
63663434656436353037323737633236323035303930353166373037623339313731333831333436
35316332363035356437303538386430353933636139633837393439663931333530376135663964
39613732353964626537636531323633336562333433613230303332316664633633356366376163
39663836323363326364663332646665376364373365356333353363386465633230376138363662
36333630333461313837626663646133623165396535326634323337326437356432626237623635
31323833356633656262333162653966313033316132336530653137623436303364
