$ANSIBLE_VAULT;1.1;AES256
35396466636632656437646161356330616362643135613062623063623164306433363431323838
3265666464663936643066323930653664663063666262660a616232316465653732633965333461
64666636656335663731363437396261323030386165623735316162396239376636336464393932
3533633364393230660a303130636231343136656466626363623039396638653265643738636635
32643763393936326331353832316365376135313936643065356263386237643830633431383034
62393533383831313638383039366263343363636562396231656630663863626363663732336565
31333733626163323631396130643530366337626638393437663361633265376662663939666464
39636534633832633836636361613834366335306330656666663139393461333735353463353133
36643835326166643837643838646561393962633434626262613238623565363963346564353764
39653233343665313263333964636537663430643463653934376332643239396236646462393166
32616565373535386565333130356237343465386530613139333439646566323935343863393966
64626336373739323935346432626331363562323764303333656237376534373338666235313336
34303863353961323435643030303566616437346130653339666638393066386238366261313264
38616239636562353335623730326163313563363334336437353238666136616437303862633831
66376138373235616136346430363839393437393535363864666466353038653864363836303066
63333036356637313136636235306362613136666531353537393163303532373437646635356234
31666361626466363466306530386130316161353861653561373735363265313437653936333063
30333261653431663539396464356166623861353831336565356561656636343766363333303033
61353138363062623136303832333462323031393631376130316630356133386233386435343838
39383332323062396463663564303439396535653661383061663765373431373831333934636566
37626530323833623639346161313061616631346366616433663433646237323164373961346432
30313338666263633331393433353338343934336365633866376332363561323563666636386161
61636265616539323365613631613562663266646532633864353637366533346437663036633136
63383833626530316438303632663135626239646434653765363130316234313965316661393763
32333833353830653835623432336433373238303761653462303666656237323235336534633561
63633263636538323963396339616161306265396137333463643738306663303963653335366131
64363761396633386463633961616565646333613335323639643037633437393262363862333664
61313034613732303332633464313239653661633533313866626565633631306139333334356162
34303134383637306335633265343366626432653161303863653737303537313735363830653465
39393361633862396161613863663139643232663731316165623439393761633833396432376363
63326438373131306432623332393134303735666466373033376639303639656430636435666632
33393834313636363437303163666665356261613635363139303732663437343330613731666530
35653263613230646364663833613865646465366464656530313866373035343732363130323131
37653338316538666564393763636262623165333639343930303135313930353938343765613665
65353665323061393832303564316532626437303634383436333638336336656431353262303562
30336531353061373236316131623838306133626633633337313630663938386130613639356666
39373437393938316635303865636133646436343865653065316362336131323934323165393436
36613765643633383362326135663264313535356430333734306136353736346165653964363931
64636237323530306666343731656231383336633666383636306131313438313666303464363532
36353231373966616332663166346636396431363931653462636665343334323030326261393865
31626461323065646361313963393862656162616134366466333765383538313963333235373632
36346239366637313261306465663234613934346336313331643836666234313139633037366630
30643039386334643830626262306364326162336164373734373065343834613262323063396639
64653562363538386138643432303533303961373832663734386361326532613235356462343462
31393935393764353835323462653532633564393032643830323531353861666161646264303164
66356663373239373762383136663536343737346531333263353236653839636338346162663563
63353231326636356338343561343136306639386339616430363134326632616439303035353736
37613663353632386463363339646563633030666464306130383630373734323362333365363235
30393531313939356332356663363734353863303332333730616665653430353334353038613266
66623162636232633032666232623434326565346433643433623335313238306364633836656465
64363439623266306665383034346665636265393632393937656539353765386661393339396262
30646236346634343731616661633166396632393339343063643135653062393665333764343334
37313365396233336339613034346165613635626539623733323133303337316630626236343538
37616666306539363062663632393831663466636334346231666564636335393162376139656339
39663137363465336461316162333239383833633535616337383537383430646636653361353834
63613264613530633135306137333764396362393063613330303131303266633138383639653465
66656139663134303765303335323934366234653331303035613531663639633261343034396162
61323333663635653638616631383166613861613764633865366638643966323065633736656630
64613364646335383831646639613731323735353731623334346166666535656661376561383834
39626564643562643831616462393161366537323336373264336132343961666135393762313435
37346537316636666330393130313463366566313232333739663065393036643835376162303435
37623066633463336537363035383938353436663164376633396536343633393432343664623162
30636333306132623536373766363134613637393730626135633532633238316239323535363539
36376530373938643537333133333734303238393764396361303434333832303563373864343161
63613164386639353533363738663965313862623665373737373635333062363236356637303862
65353433303761346663383131343434656166353264613133356530386439666139323330346564
37663134613736666232663563653937666663613161303362396432313561303761636332633431
37373033393832366364353135336436633962646461313566386164373531376637643732616236
34346336666161616435613538626666653232653232313638386636376461346163656233656461
33336133653133653439333639326333373139326634613933343336333238333339386565633866
39646436653563636465343835656566306566656230623066393162346335306431356365343863
32646362326136346238346137393064626431313636306466393934383133306464326264623439
30363636663266636533666634363361393065633931613165326264366338346562383534396162
62366237353436346263313561613433653036663062336238393063656231623766333238656566
32393632613234396464333566616262353939323236623130643263366638383031663031343435
38363434323635386638356135356238373330306264366365396364366332353932373061383863
65316439643932626639623636666532333836323333383463636134653132643532323539386236
64363636643133646433326261646339323130393666643866633135373731613063656533616434
39346336323765633138396235336531363063393164393631353663336430383561643733376439
65333163336238623465613930383964666233373138653231366363643732623364393733306366
33363739363139323930396332376163356530353131353435663037396538356662303265343339
33353635356437636365663865323464356335323566396631363238336537393337343761366461
36366338386365336366356638343333323236363637373661316364306333303035373763383733
31623232333636646233663638663661383336353538643631346433383165616138653534643935
64346366653030616234646264396639633736303034323230656636653731653231393861393765
32303732636334396566346536343830333061623632353734613135373564306161333934373935
32396366353833363631643636333466653533306437356239336134636136333438306430616534
62326635643232353038653766653265376638653735373631326430313538336138656261336463
35366666653238623938613932323330336465316339346133363164313434643362
