$ANSIBLE_VAULT;1.1;AES256
38346266393866353834343134636234366433643664616661386434636232396436636136333334
3636663431353963316363666236393430623233303639360a366638633531336339373134663733
31656465303061373337343030323934646165613533323961373632376636656235353437383466
6636623332393562350a306537363436626439396132623732356431333037386463363237633261
37316431346235316139366561633633626439643437613061393336343836353366333163396631
39366365383239656363633963356263363961646433353336643138303263363663343166353230
32316434613563396234353839366364333137303065366237393037346261623937616632376361
32613939333030643864623262356134653439643436343063306338343566396663626236613832
37623938356339303333333631333665666638636165643034396230363334623165343938393931
33353132613061613339353435656636393334623466633332343833343364656636393563626339
64623934393134333365393232343731656437333964396236336662393837323164623037623163
66323536663235326264386330613439323861303366653666336135346332343265363939616538
36653139323537346661376365346436636333663235633439343762663064633434333861313864
33646564653962303834363166383961616261376566386437633766643133326433316535343630
36303966373033383066626138366566393131326661616664646230336538613961653432373734
39343330346132616138653238393464613734313530623830633832376432353931323662626631
32623530636161653561386236653434356132646163666134663837616564376661303134366165
62373862393566326264316537653331643163626464333265373861663464346231643564353662
613832323565613363616237623163663532
