$ANSIBLE_VAULT;1.1;AES256
38623065363832646239383266333331366261653762646434353363306337356530643738643361
6662653561303834643037323166646632626264303533330a386230346664616366653366613664
66343362376365373663646366393431333938623430646538356562333463353538306165316538
6331333131353137320a643930323730653738653430393431336636373331336434613139306462
62656362343537623033396433353332376230393463373461663666383261313631393365343934
66346631343730313535303738396330333438376432393437353364626437616465366533646463
61663566353666613764376234343062323365633833343134356437313366343633373235376365
65303230373937643334346630633066373930333738623535656361396536633861643565346261
65336433323739316363313632646363333636376530643239633832666439656165373032396162
37343661333435346439643135653265336365363866636433623636376333356538336638323535
37636261336533623364633164643861313563313335343064643933616231613336636531346333
64363764616661633933643365363363313630366537316134323564366466363861623137646235
64653066396132643363623530343134636466626333653231643735303862633739303031326130
32643865623562346632383138383165306661306232376437663861323337663037643466653338
35316462613837373734663966623264353830373630303536353061663532346464663865393061
36383237613465376466643662366634363036623263356238353863363637346230303337633061
36616462643264653964656537636631313636323436666335646561336532326466313438373065
36613134613031316332633631383436646165646163646563336339356361363432336165303038
31363537626438616635353637336662393434343661323161343834376134663131323632656234
31616236656465633862646332333162656630336431643530633564653564313364633465666139
31363336613532616564303865656264383830366133323063323064623336353036613665333662
39323833353038393534353465666533336436313861333031643664623864326463643861373265
65353362316537663563323066346262373635323935643762346238346135656462646232333931
38613939326134663930323632623761383266616430336433346635663066646136346136363632
39303135616432636662636165653461666164303832343231373431626663643935363734366366
30306136313463346263653766363461306634303630323731633434373932626362643839306633
64396438633863636331623737313664356438393131326137633937653532383063633835373865
35306232633631613033313763306337643662653466313930323533633836643133373064323532
65633131613166646337306362383136613537636135386132663738396164366561306135663561
61656161323563636163316232643336333763333163356239663232343066373633383763636364
36366136356265663762393032653766393230633363313534623235393766653465663435323732
62313161646263356534633262323334363962313262333866313664303036643463393162316237
61336133626231613237623139303563333161313562633466346631626662393965663734653037
66663035333065303433383765366431623462313861356164636237306363303363323064333438
35623865306264666632383865373830643436393730353336646165336561393032323133393533
63313738623837643336666537633635343337663666336435393731366234666139373533393836
39393031303234336565613065323339383137643338653832323534336237313464396136323133
62616262363365646437326335343539666435336535633266346337333965373762373730643535
63386539616462613731306264353634366134396438646136633961393961633664656632376131
35643237396365313538376432303837646261636432336435386436663631353730373434366666
38616538303538643734626230373139353931353631313532643564316661626431363939613437
38646537656266353939343932353163353263633639613831343330643965613030323266336561
64366538663063633335306365333930393465656663383435346238366530623566336631363739
35656139343139323538646264303738393765333565623736383264363363356531313233623461
38363666303938613565636133353038393735373733653635653464343834646435643534326264
64633861313937663433396336356530366137333862373134383437303435633761363735333639
63663034313162633665313262666564363638616362383736636636656632313433323563643333
37363230643537376364346465616133353539626665623861376564373132353335623065303933
34343235386439353566336430636464393835353661646334353761613734303939313666323137
31366138336538646337626461303136333235363831363337306137356562333330623461363761
30303065343966306334643633393935633136313564623765656335636338613236666165353363
35356433386434666363623938363331643839653831306539366335656664303433326162313836
66353363656531303636623931643830343264363435393838383631643161323262653832353230
30343263633863346131326230366364363536323837366238386534323066343832633238623332
34363466613566393237313662313066386432353933386164363361306361343234353566306531
36613735343938613438653538333565656538353134393931616431326166373762323132373037
32316333373239623035383332623163356265333930353532386432303939636536393838323933
30306536613933323064376532346161343931653137306535363261663530653732376465353263
33303561383563643035303663393633306564376139643664306565613330363962633664346562
30636238393633326139643564353934656437316631303532656463393033366437316536613839
36326365383630306536666632643264626230623636623032343433396433373934363736393732
37666365393265316232323933306233386366613830316439666363363063653033333537343065
61656231323430363432313131636334383736646265336562373434326461333830313734663364
62313863303764613963643062376361343865356462363439663061643164643333373866663065
35313266336633386633313761623237613664316138626134613562643562353035633331343534
66616435346465306430303539396233343330663439366361623035306234653335353337313531
65326439353862336630316366623534616261663461326664306161333230386439363066366162
37393564323964323066313733353233396463366163343365396566393561303066393338636632
61653033666132376565313861303339326231353036326432346231326135306264643434623138
39303535376630616331656664366232313463623832613438626532613438316137613364333134
35316539666438353136363832636465323634353939393031626364333533353665323265616232
33396564336533363937343637633637656132353531306430373536623466383162306464343737
32616533323665323261306261346538346338313365633336373364656638633132323636623432
34376636303634306231346265346166343233333064333362303031333463653866393930393030
64356166366561663062303665633366386136313163663161353039386564626664373561353861
62336537353036383632363238366233303233343037633662666236353232656636386536373766
33666166373461643364656338646662366539346164643365316133376366343931333230656436
33613434646330356634366362366235373163366266653661666465346232633265646639333939
65343530373936376639316266643961656333333764326266343438326366383264346163323962
62393337636439613934656461336133346465346166383138353162343138373864323339633537
65353865336138376634343135346230353164353235316530643762316431666233356230613539
61656566663336656634346162363266613165396665343438353933333430626337653462633632
36393239643532363032373339383131663564386339353635363238373763303836316437646530
37643233326262613766383661333738326465396135633366396530326531616237653031613064
38393965633035356436306337383362303336326634383464343139316637376432633666643630
35383639396462616463653339346364313531623237343164653234636131656139366530656161
64656561363034653065313834356133656136653238323737633939303130633134653266316561
62396439636366376132363033373530373861666534333662373764333136613434396439353664
30346666383732303831343339313562643463613534313530313664396639396132
