$ANSIBLE_VAULT;1.1;AES256
33396331313162373764393334653831353930666237616465653733636366386264366430323863
3335663537663538363230336438326632613861646138360a346231613838636265323438643539
63343361313931373366386433643861363137396435353432363862343535353735623366386436
3962646661623235340a653965366535343066326363373536383533373931363364313037353430
37653361613834336539373461643036623932636333343536326135616163626330316536393036
39613239316334383532326363343633613236616365326136326436656563663738636538316666
31313831396664323939653630623337396162326562346266643964326432663561396434646336
31333364616361336264356461306464613638353337653566656130323639356335363338633139
39633939303764633532303131343033356465616239326661343963326365396364336164383961
37663532396461386536323936343739396132396665633465376435313833363563346165306162
33353664366537626264313138386464613665353139353731633562396264656437393439613532
33333663666365633532343031366237393035333764323332613434663639623863656232623231
35313065613166656630303437306465633566366433336262623061373931663639373263383435
30383939623862636661633238306533333661333136643138626264393333313732633765666132
33636333666238343733346139333438346463613935353931323334363130636630616666623937
63343138633533303732646664306434353539613265396461613339386564643936346138393639
33383036363932336265656336616533353831646133333362366162373466393237303235313238
31306231346163623931653262376464383937373339633132623636333530616135313032346534
32323264636637326561316265633534393735306435323438646564646565353566613161333132
31326436663338326562666462376261336363336464623333626434336632633865616338356262
34323638663166373930653035363838353065646432343730643662616230323365383166633131
66653431663463313734626332633530353131363433393736633537313964396530386661613162
36306166386530333163313637333364643565613839333562613462363135633039353930616238
30326236666132623936393365396661383533653866613865353961653161373061323066343335
61346565653734666466653730373438613530383238346233313166323437343863313631316161
37336339396238336235303963633430623430383832373137643033353733613930363161356539
37313031643031356161386534646331366439313534656331343962323962333264633063616332
63656530646139306432626433356536346631336664306366616566613334656633303131303066
36653534363564613130326261656333663036336138646432633237303262313033306537666166
63666633393737666231353566393766393531636537666436366463623430633561636539333139
66323330663861383664333634643363346463656366343332623663323265353466333133643464
37613434623738373235313537373430393538326631623361306162303332653362363633316261
32386162363739333136623362663830336330393465663062393866366532393461363739643163
61366231613438633734393934653665353135373233343262623836316638373831616432323433
31316230366663393536326339346565643230373964653636363530323738646536376633373633
63623733363235636439373835333936636230626662316534343437326636303933393461396432
62613934306265306535623761313337616264343664356236333965323766346364326633326533
64616161343663633135303064393435646132363965396664643166633634643930393961343365
65633132363832386432616438303961663131303339386663336539343966306531663636336234
64616138646630643335646663316139626663656361323863653736623136663964623561373437
31383634333537356566323337626261396462653434393538373266323363653164646631373965
65623566306664626339353738663434646461353935666530316435353938383166613462306338
30383937343162366235306439356366396465336535326536376466643634613738386334343866
32613461383734626366353963333336393762386231316538333734336132643632616464396333
64656261343331306535303933333035353738323130383961666463306532376133363339363039
61323637336239366435346133356434366235636165343238343663663737383834613238363863
30646331313563383336313862303836356666386633653330653733623866646536396364663038
30386465383935633536663733323039363263623139373337633237343032613663396663666636
63386565333434303065303335616330343132363936663664666261376237306139333939376536
33303038386339336263346535663536303237376464346539636537356235336635316135663564
39393438386539633830623965626665613634336666363936633262363766313330386637313030
32343265376434333333313633326239373536373663336639356637643234616534626138393863
63663563616639613731653364313433393339383031343462666431313566353635376236633835
34323235393564373737306231326665366630303666653164663437353063623265316136383039
37666438353138353436383862336536353935383430313365396361336264646338663334373436
61356638373236353839623133356234363962663466373637353066396530643938653635643534
39373836313335656166633736646337633638666636613866356365663363626130303835656633
30356637663434353762323865376465376636353265393163326138396162643034343035376336
66383337393232353937353163373762333533303162386364663464373864353738303762303830
33303164353631383864306237366634353665623938313437306661663232383133326136666634
34323532396635393534653838326166393564326363326637623638313431373564343532346565
34383866636163396564623663613664396665363365663634396365616666633233373638643136
64366463363439343431303463303964623636343336636664366462303261626532386331303439
62343039643936383961633730356531646236373939633438643933303438366633353462333866
36373331396162326466343633663831323566343934353136363637613734393432356638363465
39336139396233313032313637666166383163643063376438636239393236356232373030616665
63316533373037303737626532363262643664336665373038656165316639306238656537303063
35656130386264353263626133623532383462383036306330653765366531303537393461383432
35373431666330613438353935373539626265636539656230643634343562393539663238613632
36383664383532303332396435333232363835656361636232666136383264376164303832363631
63376163623265353766633565663963623664663931373230636363633030323866613466353266
63303735383435333337396131303264313838396135633561353566333530643035383734343733
32383531333732643164636236623830643064346665303563626231303735373337323262383638
37373661356161336664343235383239393734306232393234353333383965636433373263626461
66386134343532323963386433383763623637363361666232663630346232666339613131366132
66336637623036646435323964653964656239343766363361386632663565313033376633663833
37303232666339376530393632316337363765633831633463373837336133636331386464623234
38316331353534343364613765316363656235633234336634623030363165666135306566363264
62343265656665376562303533303463636333396539313461376336353265663136346661323535
30346162313139623531323262623735346236303738666333376236623037396433616539646238
33633165663332326565666431313236623437373238386163316635613762323234363039613634
61343963663061313938633239333265393738356635633139386433346362343263623835303135
32363134393637656635303037323738303038336264376437363936376235343430303233383066
64363065626538393665666634323932383461343665656139653166353030633162353134643738
34333539333935303561626165373861333337623335393635376265323833316464316538346662
63646534633132623866393566653731366230623366356536303662376130623363333462353666
33353938643832633161376537383833383362333134363739643163376334336639306466626237
61613238333537346237633836626661363834343363316332373638613165653235376436653030
31323830356437373337363663626362646630393534636434663763356363313836
