$ANSIBLE_VAULT;1.1;AES256
34333731633537306266313262623035376562626534623966306162616631643535616266656334
6362373434346363383137663439623638643539626166640a313734303961343235643264366461
36393439366365633035313134306566396530366538613031303536356239656637666532396139
3363333234316363380a633737386463636536356531623331623030396635386132633161343432
34393439383866653131333134326531353738336635396262363762663364336537356165666439
32633439376563306235323766303964653334643337303038386333326233636539316462663430
35323563323362316431626432633163623764396534643937316663366332626163326664356538
62353265343835653664383637393535656231303636653362613165656632393165373539636561
38623262383562336334336164303965376634356131386264633061383238666462616130643131
38333966633163313937366532663937323263636239646664666537373362613638333339363438
38343235346536316566363739393865356462623861363530353165316462663234353562393439
39376265316632343831303739336266346564353631313738633931376631323161623130633661
39333435323866363532316430386662613630613932623031333433653431636134333234626234
33336566616133313236303838626535323831613264616164313532303232323562623666373235
34346538363234363735373835333963613739353864363665306261306561353062333334623431
39373138363464633036623161626462323264363735643061636439376161376435316432623534
62376430666236633633386239663235656463323063353930353035303933323166326362313762
39393134666237383539633836666332346337663232346132656233356634653531363562303438
31316564396234346139653161613237636532386539396133633431613030643031666139366237
32363039353638393131303539666562643139616234353864326663616239343535343930633337
62653836626136363563616138636530323462363762376136656236383939303236623661656363
65313136363632333130356566393030313830626364396135353332663334353264303331653762
34396231663231663632393865303533366261393266356534343531376432633333323563363631
36306330613264663665656234643437353963633232326664353461393361653735326531306139
61346130336531633736333362383931653761616663373737633430393566366664366531666530
30373733656637313934656437363031366365666234646563623066653236636236643762373739
62336365306539353437663534613838636538626565303961613633386466303166613830393830
66366461353539356364376139373164343234646134636362366132623831333230653835333936
63313737633566333161626634313938326230666665646132623364616561313265363662663631
31333362326166393264333930343862383831616564363237333531323862653435353662333934
32663134633635623936333862346630643037653330646333306433323261336134616332363034
63393831313539663131343736626561313866336633663165663134356637323332376265653330
32623163643666623631356464626238303833386165376539323063626439316465336136306333
35303561656365623930343062323934386132313138646234306231626436643137373235323362
61393536623938613939373366623163656636653332626165336664373537303831353564366431
65393634623362306534313938636566623066613736643636323530346533653137386236363832
33636332333833323862623939316336663062653137643735633036383263346430663262666564
38646461306565633338366137643537636461383138313838363233343834393235613630313636
64366261393337623136663438613834613836643033613261366138653763333636666232353062
36343133663339363936663465623135643833346333323762383337346537366266383831366334
65316165353337366232313336313638356238326530616534383964316666313465323964656538
65633064386264666438333963346337393263386532663665353936616163616666373033386261
38656562303862303232636631363062373933326239616534363931303062623636323238376437
35646138663062363033316533393938623931663765613830633566666337646463356666626237
37613065383330656565303565306664393633343561313233663537636431623162623365663463
38366363616234336137613365323038613232396462313338306137363137396432366666386134
65623634663638326263663964366461363664336235333332633339303964656632356137623032
36356663393730323737313438303766666239363834313763396336613136626536656536666639
36653030303933333531343138313661326162636430323134326665626365626264656261346334
38363362653737653465643934353539323564323964666130646430376532663065353839343834
64633162356334323539636563396231306533646130376666643962333731323466313438646233
64366361613365333337333466353836643066363430383331393439623935336433316432636330
37363364376138346438643137346437393531626532646634373837656561316166626266336363
61353866316165623266393736616562383133353332636132633235616632333832373561656162
35613866306430633033393632646463393861663562626265353861313337353333343032323262
38623035393462396661663631346239363538396534386139343333636234373761643961386139
65633437663461623066393135613565626664393239373766323765636330373164633030343237
33336263633965633464323734386165326436393564333563336264333538376137336535323532
30623463303531343933306135353335636463376431363661656439323865336164643234376332
39303963636434616261383837616164346235366364633734343365353136303365386434346361
65376164363038613839613166376464643437383637326236313338343938613362633239343136
66393438613135663731636636333239303566613733353836646361303934663230356238376439
61613763306462383366306164336437383366373331383236396362366665623034386435306332
38313635333264326663623131653665363031376234376238646333363831646561643565396532
34643863373761343237653261646561363766656634653465363137396433613130643434316630
65356331653133396637346562646435343165376165323238633933653937666365343832663462
61343364383761353865336330386339633165383561383538303165623636373465633232303830
36343639303266656138303262363238353534623461646534616165313033363331386136326262
37356532623465633034666663633762363435623865333166633633626565623961666636346339
35613133356265333766663339366338376136323638646162643739366462326565383562326663
66663363343665353635616438326530303831666362336464353134656563613139663563623433
61666166663834373831653638666333313663653966653632313164633764393034313365346438
34383937343063353536323065333034396665333435623434653930643139373632633662643038
39306266623333336538613233336635396565633536373765306336313261633562333037373937
32373262303662323435313436386338343030616466366565636562323462383134306434633266
37616632383536363966306433376664616266376161653434613538663165633537633363383038
61616631663136623533366362656637326263623232356630643530643338383765633234636235
62323731633064393738363662626631373235663864633037303433613739663766373738313265
35653363323637643164303130306665383863613437653835623465336664353632626136333030
64623865363531626138663735333034356566623236643863623665633436303534353934343234
39393062333532643934353563313739616233386136373966616439316462373737316235313365
32323832653430333730393833393734626366323932376136623031636633376466323563383362
66373735326330376335316439343064643639376231363436663262373465326138363337363665
33323833613832616635306132346566633333623239663862323862313936386462643761323539
64613266663862363433616135656333643062343333616533636265643036326435663939336231
66383063393530356230373163303334313932366139396661346535346535363466306163313435
64343139346630616538316531633462313765396330636361336334326264356230643333363533
34633335666365326430336332356263653631663938336561653463303132373338366432666334
39663062336430666264393234316162663139376464346133323032376431636436
