$ANSIBLE_VAULT;1.1;AES256
62633138326632396138646362393566356533666232366133643766666363336464363431656662
3735373437353631646436353736316534633136336639630a326661393330613264333132383362
62636165373631623439656536383935333764386164366265626432336431336430316135343366
3061633662343564610a313666366233346631386636663965386666306639353963656439643363
31373165366234376538653464353138353333323337326331653161373262626664326230643530
31623939323838353833353639323464343566363330663930336131383065613636656432353666
35633335333062623530356262663363393330313431663962623233356630326537623266626261
65363662393132333065646362396232336531386435303932653933636637616631323539633232
32353730666438663432666631383130363632346337633136333563353031663066633634353431
38323032343562323430383162363235356434376337366238363436303635356461336166386666
61356538333965393463653432386232306335376261616637653162373335303339363832643933
31393733343738666331633764303231373766393533313765653832363630353563623363646362
34363265613436306438633937633336326431323061373634366535303362663665353830633935
65353965343936633034633562316164346538633066623231343835623735353738373736376263
62376332613937376564373533616165373362383036636134396231613362386466326332663631
63353164333733323138623830646332343434346365383131653337623865356236613437323637
35373935646465373135363766626230643261333538323338666330393066326665643038303533
34393833353032653732663833653338326162383431623538326464346530666535306165636663
38613037343836653266323866306636333733323034393462373965363062343666316537636263
34656666613661666531386533313634663361336262333334623263623764323939616566613363
62326330633437366235363261666538653837646537333834386162623534343035353866663465
34613436343336303765366365373936303765313865633564396439313862366232326664643661
30376661303036376631313565646435323137663962306561393639636535386630646338393533
30663138656530353461646439363866303533663866316133383432373762396332653430326262
31653832343832323636356363343230643562633930633635653163633339653531663338343261
62613837303638316237323239313538643438303931616236366637393431323866653432343533
66316238663364626135353866326231643933663932393165306165373630313263313963343035
31646233383634636133626561313262383138323865303562313932613239336438666333626462
36343938313935636663653362653138323161616230336133343234366665383761376263333430
36343163616330353764646664666636363537303162353337666234663266313661636238353036
62636261376434313932376662613234393031366236343035363035346136373737353437626166
31353337313865313139396337623832303661383266346633306238316662313134306161356364
33613162643562306463623761326239613763633535343465623238643634333463663634666564
39623566303436623835393362396133633632303238303735366134366564336664313130663165
33343138353362323563633061376663393063353966643835633536383637383536333963303830
65313565353934373131633130643738653631363866656464313365366361613238633465386265
65653330363761646131323061383135343335613438336362323263323839326133343363303365
31396466396364666438653731653532613739363631333863326361316566663530316464346333
31646366653761323661353832653634316462623735653761616166356165363162623530646366
38656561666135613763373162666330656662386333376236626564303736326239643132393266
62333062643931323765303135616161323632663533376332636631656433373633303138333839
62666663326136346666626364333034633063346137643134386366636431303437623833333234
30353635363130663863356232653131663435626663343937313134363634386664643035613338
33613839623835303035393033393762383630313065613035373238373632626364616535313330
38356661363438346539346230653164636662393837633332353437353934653231663132663564
64326436333261333131343063623735383364336635353234656334386464313566383633656634
61396131376331396638326338333562303438363530643430623366636337633561626338643435
38336662356464323964366565346438396461636166393466303364653834613636646163326563
35363730633361626362303539393331646232653932316163333635663530373962366330373738
65396561326262636336393834396137303661613463363862343734613739303361306237666432
65386366616432623334363566396430373039626336343035346230393363326531616364353632
63643635666236623631313461373962303562613334336462643930643063346336646133373736
64393833366165626333636338613930393662306433313763646564303464373432393532326334
66323263636662666237346639653437646439313961343730393136353164616432663064303534
33303638623764333162613230633930643861366639333862396536396430643361346461353334
65333837316432333166323266393130656239303837353035623931393866326265666239623333
63643639646261333761393833653562333163643632303466346465666231393235303663623932
34663331623937386336343366303835323930663966373632333531333166643431303465663232
34623239343931303339306361623934613230333032393538316535383865383935616365333134
65613561313131643238623631323162623037393439353130376463653564306138333862656532
66666165373831336266333265303535376434376363626239393738373462363662313337306131
63363935376263663936306437616434363361633132396333346633623035393164383637616436
37396238366462613936306363353537666532343036636633393033306465373936363239376134
36306139373434333461303136323533623633623866373963653238653261663265306235353064
33353632336564643830653433333238323534393631353934346265306633663563646431306234
66393837383139636131613232616338363964396136366361323564663133616164326566373736
65356631636663616133336633326630313763623936333765666535383964353737333461653331
33316635663536393361303534643664393731646633666636626133343737623736366331336666
36396530633237613965353536623633353030383566336439653965623732326364623166393431
34303632613939646639396137356139663666373939366462306264353539653634313733353934
35643138356238346236383939346630366561613935663138333865343931643734383233633863
62643437393837333838663630363938376332663935393562353936663530326664643535323830
65633837646633626332333530313731633630613139386235656439656238613765386665356562
63333366333831353266346638366439666463333835623062353364643636343433386339303963
61363665343363646330306663343438653436303761306633333464623466393064313131346364
30353230633061393137356562643239323966303938396237653236643931643164336466663062
65366637626563343362383735366565366231363261616432643238643935646631366463643765
62306464306234313032613766383061346131326432636437323864316565623530666534396164
30616239333565653035653533656338343936626361303839623237633235646330353931363364
39393839323131316638626634663365396564393061373462326365646434643336353030346630
31643930653138383365316263353466336537396235323330343865363463326566373161623366
63613732386134386435313831326231623132393539373265346131626336333035623538326261
39663630346137343433333831336431356562383866656463303863373661666662636433333035
38663966363233663131376436386534393831333233376666653831666636663734353234376163
63623232656365653638373438666339616365303835323436623937626462656632366233303730
34616234323163393833386438313939363139353032636433376339323534623636326437343662
62323064646338373232383731656665616263643639633934353732326433353838646534346565
61343933383432376561356639653138393134653464396262663239356333346131313334633438
64366661323035383134613734313266323062363565663232343766346636356132
