$ANSIBLE_VAULT;1.1;AES256
32376232363337363965353533373133333438636233333364383365336238356632653263353734
3863323861646433653564323036373839353336323639390a646133356530623039653861326237
31396538323534353331333938323538353331386266343132663331666234656334643863333961
3533366235666332390a323436333236313431613730396566616339646334373037353736663836
32633165316439323637623435306363633030616264346536353331333731326137666436373539
37353463376235623238313863626633653536323933623431316439346139643263303634313431
65636366653538363939363063653735653336356231313565643935616331303237343835336138
64636136613932396161323962336561623632646639396531386336303838323339616332353862
61346235623137373738626131643864363637666237353062663664623763663231326162316566
36643931653061613630643338366438383136626563346365346131393861346564306636363332
64336462346536373639333261653238343566336133653563633061323839623630653936363530
39343737363230383131626630363865376339363838396366613165343661616437663632343532
66613962346564343531323066616566626633336134323333326235663736346132323032363365
32326462386264633932616134363331313532333336663465343262373331306339323738623630
66623134363365636465376466663865343234326630353733383366666238353633653230373263
61663534663639613030393338393436373335346139666531643134313737353437663633326162
35393437393366663230346239633638303430306631323437333065616433616637626632386663
65376633626533396536323332323261373639393233636133316339346238316135343664383664
65356230336331383263633162303566336464313236656366346664626536616333373832313837
36653664306339613937346336626238353237366566653232363761666336343035363331393563
30303337303161373736636464663039393166643461653966666565373061313963326336353635
34633661333138383132383562373930383433303439353263336463306134306137336231316430
34363335393931623133613461383935323863356335626530396637303030613136623238336137
33366532616563306561303937613162356232356230653664396634356437636631303963333030
66613366373934323363653162663432373130663061313865393437326364373863313732363562
32346364353732636461373238643962616263393063623366646564636133613932353739353437
31626461326630366564653937333335356362353265636439616230643930306139633266616166
37333761666262343535353962323263666366663534653133376530366261326337663763333761
34303033383862386136623361393134306630626535373537636638383437313066333839326435
61303965313664386534303537626232616538343435343833396232363039616537306330633261
34363465346366623639363035376435306433393862383532336339313764313733663161653363
61613761396637356364653738626465616263636235666163663231303165623364643131663539
32376438653961313563663065633638666334376230383132643831323033313732313261353766
31346333653465393633656137336565633239373232393639393830383236306635383039643764
31666530363265666266636138336439666539653434373337633065653936316366663033393931
36373635316632643534623633366637633139396133646663306237653534303437353961303062
35326635643837343731306339653636653238393838343162326562666633393239653662373236
34633737326431333464383030386230386338323239343738303661613334303036393963633564
36336432316638386165303139333139353538343930353537613035613238393435663838656231
36363863326466333734363632336163333139323939393433366537353036633333613561643934
61363336633435663965656361643730393666616361373838333631313531626138613639313030
37353564306533633539643636393335353434633834373437346336616433363264333261666361
35313063316166656366356566343734623561316531346439333930376366326137313636383437
32656139316530643639396164663664313732303332326632373761306232326466326632313765
39383430626336643337633736663431386239306466656366366533366536343835363964343061
65393164363833663337356336373662383832343363393631396531636336353630366532653963
66303634343165646533383762353861366561396637336539313334316538633763356634336233
39626332326532383133663033336461663766373739623634386362383831383938646231386635
37393034613036396638396262653064373531323632303564386539616562613935383438386532
64353064356638376131326364316635643436643034633538316338333639363438303832316264
39663266616431313138316663663761656562623063643136336634313737333331366235616562
35643339306433326134313637663638373438353965616536633231613464343738663466636164
36323138663465653261316464393634323136613732383364323864393963663133333532343634
37393931336462333661303866303236353062316239356562643266333633303464333230346134
36313833366336353164353562346437363434343533666466316665653566383563376530613462
35366663346333633431636331393039356134663338616534323434386339356133366435323864
30373838336437646330353563363132383262626664373762636632323664396432633934626361
37323938653130316434343938313931363139386335623766346332356337323064373536393534
32306337653239306233656434366634393333363137653438636537623739613066393465333161
32636436393731356366363962656362613336326532343135386337623166356536636632646336
37613131323033316435346530383737373262323965646563383837633230613237313238653638
61386438303431623532656330396539653830306233326535333136386166316666653934626231
35633437363861393164363236613836326265343064646364303035383434666664323963376461
38373136323237633561373433616563616463353833353135396335613134376235323130306438
39333837346363313033663339653733633433343239313361333165363833313364326633633532
35363330366664366662393830386463633963363534396462373461373761333735323834646139
63613763343432643235336439343432393039656336343430613461346238343563656464316231
39366261646231316134623732373934316366663061373733373937343435313065613735373536
63646361386539646666333830373635363335356362663363396537333962633766663039393634
63306637366161376631336664616433653066646139653164656365636564313037666565346538
34363361313866626539363837663363393933396366663333356636636231373463636434343264
36396664383437313233363232363235616563616464363131663530376337386265373237353633
39373836336330346535336539616439343864333834386533643637633166323830376666366565
36393334383639353563303037633362646461323365656436633331656630663835623535393537
31623663373439306538346261633765643537616537653031356230363536323736663863366563
33346530643635643735353136643961353161326131303864356531643833386530656232303635
36333265663563356635666538363538643233373861343535303864616461613665316331353364
39653262653730646236323632376166326664626333613162326336306337326565633832623261
63663135356138316437623338396130353439336163316163383862306239336533373166323534
64656139623433313161323437336133366231316665623037363864373461353661333161373064
61373863316335616435656435333866616236656665613765343736356238323333386132623163
34323335613231353036663333653932623264363738326365383431333066616639343061653937
61616663396665383866306565653962343964383363623462656136393664346462363335313238
34313161666433663562313735383961383034323332663130353233643134333462643661653631
34633066336334313261303733663730613830373961363962643535656366396464663234623439
64303430613966323363346332636430376338363363323265373136363765626439303737333561
35636265656430336439386166613364633332303631616139303662666262316433306465303962
36303430393964643738323265303261623737386538306165393763373335643730663765303636
64636637663236636632646535323137323839653833626432386236623333633336
