$ANSIBLE_VAULT;1.1;AES256
36643836326361663431313062306638666234633034386136366362656562373235346532613862
6131323333396163373964373836396139353365393361650a383933323361396238626536333461
66633632343534633339353265343835313265373263613431373066663334613536333830363930
3365643932303633330a393563306438366261306630343735393863646339663863363037323537
30316633363930353639663232396332346535356562616137323735333537636266373938643664
37393732653234393161383563383637396130353939346262663266386463633934383861383066
65616637646163313865383230636164333965396361346636343431346138656635613131326263
64363739613037333039376162633133623136316137613736343365376632336164316362626630
65333039316666383832336538636333303766326234343438323334653564336137346634316536
63373565383531646230363531623734356261653666336436386366303062366266633039333039
39636665303261616261366635613137306463393534346539646336663065636331316133623037
30373133653236636239396162326563356138376263646231613162326465343939356537383435
34623836323536663730626361366233616438623262653562636662303963616131623232323836
39393032613130666231626439343666353961613631613634383932653039623431303661333131
34393262356663353031313737643462363733353339343465316637323539323335613964613131
64343466306463343537353536613830373231366130303435653431353330303531383639383466
32626639303930313036353838313864336131636133623766353735626333393535623633336135
34633434303365643136323832663736653462376563613963643764326466313666373334623762
32336430316363616139666538326433333961353466306163393566396433356362376238626539
35383165343335306435646265643461343539616136616161393438633438613832653862346163
65306462643436343861636337613764313030656361333665663765623531626662633339663436
63316166653233323536393935663938613566626434306133326435313131383464323836363766
61386561376461373233323934323636616466376637323938363333653262373766363865346130
66396439366434643234636161663133386434356534383433616639363130373666306133323066
64383861623762653533613039333439343763306132616632346436383139656166643266353533
31643839363862306238663162616134343838356564643135303866666435313862323530643462
66633736346464353037663532666234656330393036376235343632636466343865333263393132
30656263353364343766323162363761353262336639303733346630396163343962633562613734
63303462643564666337663063346134326539396233383932653030666565353262623530653137
31323361643262343964366434393132326162396235656630633230363034333436306364386237
63323637396639613634393436623661633639393236363762393433316430346663623630636163
35316438613761396161316462343338383439386263316230316163663564396538323238373839
63666533346530386237346238336531636162373436346435376539363962343663653830363562
34663439356231363933343436616634636538353936653638303536626530356163396432363261
66306636613636323161623335316663663734326437613062383363376232326230373532326230
30386234303562396134363662626230386139383631643165633837386434303332643030653537
31653836643261646538386233323236663735333435623662633133333162333236376439336332
39353764313637623863616230313562336664613334366230646535323363383630343062346638
63356431646335653366646465313535333532383430613135653230636562336365656261633936
34663865333237663630616236373863633563613935373562383433353635616130633362383530
62363338653932313361653866626636616635353533363234373430613561643736616438356337
32663334303866373137656639643361656464653532663433666361616366396465376566616364
64326262653364316337666264646630616463363736653238346538366238343435323031366166
38663831633133343337623931313439633033383463393762396161653561386636346365363665
32373233366632336233643465326530663463623539363937333862346433363565613333636462
61373339303031653931356165336435636438666163376138373032313030623963356539333234
38613836666532353433306539376466306132346562646232643561333965613263646137373630
33313562316534646431623737623837363162613961666532343163393333616562646639383137
31336563373239656263353461383565633435383237366161643464316465326530376266663264
36386664663065633264633138626332623265376161623162343832343563386135363864353564
35326665623435613035383766633837653138663666343935376434373762363935363062376136
62303239313334363961376633326133306137613362653930363732393263643761653265343639
31316332643838633736636438323032633163353266326463646466613563373136303537363837
39346635303661323838646463363832323766386336636663636266616131653936393531333837
64383237363235323738653730636361366330383439306236313938313836383735303536303466
38306430313265653934613665353064353162356633336466303439313132663961376336313138
35313563386132356531373464343332356237356239316536336134313661373537346663643364
34643031373561336530613037386639363866313163386433666162326364633038303532643665
30396530633665313439336638326664386337386433663435633065316433393430356638653138
36306364346238643139623464316538376431313665616564323538633235326562303134663331
35356161633966376333653134323237633166366333363037303564313964306632633537306364
35363534383665313034646264366237623163633232646431306533613534316432663137323638
33626465373234363536396236613833636266646534393164663063333734646236363938373835
34373135363664313832363631383162663131613639643534623237626163623830336237373136
30386161323939663231613438613333393465393738396562613064303164386434623833376435
33386635353838303134303431346664646666633138393263316535363135393061356435653033
36643435646334383637306262393235363736313239343961376233646530653330623437396336
33633735306162346538623131366363343631383364343637356431353034343561393230646361
35346332353236343438616130303038373662616339323761363734633664383364656566633838
33363937663330616363613930323339326639666639663261303333316266303263656466353962
66393638626161623661393264313764656139646337646234663838396430663136633934383235
62623538323332396233343938363362356232343832643539653632303661353634633433666335
39363465376638353465383535666431306138633839366131643361316361336633656236343463
33313532323138336562633631323263666566616163316466626234326364303434356236393636
34623339663930373838356538353737313936346339346234383430656261646632376363643733
61653530626335393861656339313239653263323039386264386663356330623361653237636437
34386530363265383632663035366664636464353739393762396535343436653937326337396332
39383563346163303239333663343261396434316436333462323866383664333130336661636435
65656662333861323931393438356463396633323565373861353839633263643839343635393662
61616162303938643332346538383339346631616564363466376633653162373437353631393730
66653437646465386164613035356336356466623761363661303164666430646666353963313261
32303862616564303264316238666563656238343435623761313035326466383065336337623139
32343736373163393864313737306130633864646536666436306638636661386166346338343134
35353736373134346562303830393334646439363238376134643562616636663261626239326331
36373831663065653539306661646334333961383934383036623262616530303763646234306439
31303465643231633433363836353362376534326331396633383838396263366564396263313738
31373630366533663936666561623734643636616461353834623262346534366439636130323933
63373765323465313161636233393038363064613461386338373830376463323536376438303366
61643530306666623136363866323431306462376434393461326263373664303533
