$ANSIBLE_VAULT;1.1;AES256
37343736383939383530306166343934343838643235323431636138323263343362613032336465
3864626466623666393938656166323463666165333262660a666434393461316664646233383064
38373334363263653761366439373930623462623136356237356133656533313733313536383238
6130303736653236370a633264656233346561323631353530393466626437363539623739613962
33323839396330306237366231323638343130623634366630653338663262393039656637323038
32386435373137303931383663623730623836616231333166313064313834376631353664626431
65643563336635626632333635663363633133313238633665656331623366646361383532366437
64353463656235323337323561623339366366393031666337363766666538363630346432663566
64646431663337653865303734623663363937323230346635653234623539376434633765303936
64366661386634323266343262373834323962666336306163303630656564656230333737346263
66623734333762373437323066633835643966393230613263646436306430313739316530373564
36343433323539373364333733343164636133653336373563636337366234393266346131663836
62313637663635633066336238633532626537643132616433663235366164663230383437366365
37373835386130376437366630336137373430396439336639393437353136356165663133303866
63336363626262353863663031346136383265633133323862393330636339663933633964633966
63646136633031653962326535643165363632393935386331353761383331646132636130643035
34643932323533356365353730366661396539623932383963396633646566346330666639646665
32313531336331396534323663383033306334396636623032396131633830353761643565303636
63396439396231613262656261383330383931363236663766323464626138346365313839346464
63386231636663343333323830396331636433623935356462653337323338363338346338373838
36653461353037353630393863363164333362653933636237333130613632373166343565346366
62393635643064323739656463646566613530623832313637306465373461316632666466383666
37323131363561623837623531373765333935393061383136653336313934666361313264346232
30383632363934306237303136613737393336313262373136363766353562306539316166663936
66633333623965386232393365353064653936353364633632663435353539356134616535336335
34346262646633666362656539626332643637333634333339653532396531366637643838303936
63303732383837313930306461663134633266313338313663336666616130383565356662366335
37393862376133386339383438343933656361323766346435646436646333323635343862623261
34396138343630303534643030356465643962393235373964666264333539376463653064616135
39633163353735353437653863636439626462626435613130393064616232356561613563643763
62313239633563646662343138636662653935613635623463313039623538343536383235353837
37376432303837336334346533646439326533366366353366356161613735623661616165386237
62666134356238663761386166666262303739663632613966313439356232363763653332323239
31393834363365613261656234646134386436396632383463613962393833656432383065333961
31636362623335393639616436353462393633363335646634656562353137653666333438356363
34383933346132613034353566666635353165386230353134623235343034383830643735323936
32663135613363323436326337313632303335616638346166646130393761653661633939336235
37653839663430343736343339343166303739643134333833643438373734646334376233363864
30353764363537373764636162663961633963323064656235366531383537616532363461616365
64633436343565626530633263386337633739663732386264306665626236613937363162313331
39343438306365376466393432363035656637323038323733376461306665643337646164326366
64303966613539663339386338326333633139346539353737633161316233623639373139343032
66323037646632323462316164336534623034366430656163316566613964356361666266616239
39643335333037653039663032343333623536323066323062363065363431323666613665303738
39336239613765393834633064393735633333313535616566633831316631363565313235653033
65313733643464353834646237633030396635633264313661663835653538666264313662313431
64336361383764383865333162383066623862646334616663323638366233383237333033366365
39653063353165613338366163626464663830636165323633646164643630646539633261323663
32343138633238343538613737353363666331346132386136366262623765363962363538633131
32653062393665383963393338323138623761326530363335306466626530376639313533643530
64653565613630643463626631346435396665386466643461383562663661323665353363623730
32653036306635363766376432666434346631303634386636343662303432393163663831386533
34656363333361386262356163613662653732623838353038323464653836386535393731336437
31373937326238343562346133363632653834313063643133356264633366613532633138626231
37333338343238353535663266386334623534316161316337346364646630633363663061303431
65333263303330346266623335643464396436303664353562336139653261346634373139316537
31303131333530613962326463386561613162333834376435393038373434616265356132316466
34646463306661626565363161373966336664343837316462353437356266383436376462663631
64306261396362616331393238313739633939316332656265653535383866613134613032306361
65623064306630323166393831313964303634353231323964343433653138636337363062633763
35383262613232363065373333633462333437313633656532643235313062623737383064353064
33316636636330633265313337323363626335333363396136313832323332386662396162313135
66376132393036393531323132636266336632613737613239383362633639393231383334393338
33383631666262643533616333663033383536623462653339333762656438363461323661643130
66343337383436346366333936313636323166656163393138636463633338393530663536643165
61303565643561623661383436396535653766373630656435613934333461386230383463623066
30333035363163626562376238306336656531333965653439616634653765613064323439366632
38653232393066643765303138373262613239396435666433303262616531383434373661656164
61306530373532633735306665626365646132613131653162616364303431643261613261633836
61383138343765633433636637373461306462633261343731643735623036626233643739646436
63376362363766396136393064343031383238646231313831303166386439613138386533323435
64613438313235376461303737303638306639333931656631303365323730633462663030303561
38646637656263323739663661333332373239393637383133306335643935326130336332303738
38633661383565613631323165636465373339333039353734616266313538336339356534363335
61303033323334666563393964656231323731333939353031633439333639326535306462393438
31613563643062343461373633393033383732333062316336643932316565383638643363616432
61656638353663643039363133643938386436613739623961376566653138393137633132393037
61373635323662653532333035333630393065613632323035356261336230393936303839343532
37376264616637386135646638363030656231333865663433633730353861353238636130333031
38663233643365383166653639383637333931333438646463373133333565363939393538333637
37633232336131343238363462373531653261616331396633633235393930363739376237623034
64313461333232386463633166633632366566343366343037363730353530376537366437383331
37643335646235656464636165306661323537633136343062373338626239313539666334313730
37616230356163333930323434653864326266633832343231376338343666376266643838663062
34313661316639313137656264383036383939343036633738313432393338353136383465313238
62326339306633323831616465616637626139666262616461656661316166626561313333303165
61373932353433643234343466303864366265653664356436386233613061663232353933363131
33373763376335663434333230323439316365633263646331353663393834303962653735303237
62333132616432653865653637373364383433646566373532636263316365383633
