$ANSIBLE_VAULT;1.1;AES256
37386432646533643864643231613236393634343339666166353437313638313831303861363433
3130343664336466643531383132353238643739386461300a663933393761343536663164633530
36323338346565323738326339353163346634333265663432656531356633313332386665343061
6637626661353432380a346264666632646435356333613234326664353033363365313662623130
62323135363564323838303734323335353166636466616136626434613462643461633734636236
65646234643365353531383461303037373030626235383864363536383363643265313336653761
35636661356262613232353834353739303732623266323862306463366437666430353531643265
35363864343264636338366131633965633564633439653831376361356238666237646464313865
37326435363963313761363130613438356535643639616433366332323737653665326430326634
38333431366536303737393264383635383835303966646630313664386165353462646264653738
32343863393264386562333538616266623665363663376264353865376166616532333737306635
33386163323331333864646332366537663534326163323234393361333161656564346435353161
33396435336432396236656264303764663235373765626537613034353163333563396330643730
36333665373038306433663131303433303635636164636564383438333238626363306164356232
66666366396462393230613966636434343366383564366562313664363737323339363463653937
65366366343462356539303632353137643661346431663261653031313364613938363236663966
33663233393965323134336435383964313934653036373535323736386430376664393335383237
63303136663238336362363738323761376634646135373332386661646331313762353930633538
39643733306131363065323937663535393762396134363964353937353833343762656166633639
31623030343362646161616561346263383534303539613637303530633432303465346332643834
32653235626131383061653162653739613662353131613365393261373535613362366635646433
65653666353933356430323639343437306132376235373639333736366262386538376166316161
33653034346136383562373263663830333931343132313735393163363435333061366637633432
36626262366137663435343964343630346137383633383932643033313132303437333661633731
31323962313663326636316133346238366266313630623734393131386432323766343038303063
34383334343061313161336362336135393166386337356637363734623261383630633834353964
36376336346561343162303431643939386233346435396237303030663038653431386165373834
63663536333966396537643730363239346337303237343230396161663339383934373966356431
31323563343634366166383933653630656264623539656532663237303932663334646362633738
34333263643338306233633937653332323433383630636566363062613536343465303263316564
37376330333930393036343438666231663337616236613666363038633331356663373534366630
61663837303831386238366230303363316537316235323137653336616334643234383861653630
62623764663735646333633035646461353839623939343338656261346463343532323266343133
62383964396430353536393237616635613565386134323630396561366334616335653066396139
37383062663537356265643935373063326436346331636133373439376233376535663261343537
37353033356133393664333036663439663430663637363630626539323230393834643339643533
37363833663737613964313933306266663165643232663736663433386665376164306638306332
37313762303130616531626338646133386232366263623835383132386666633761323337623636
62326432323537653863363863393666323266303162396166346139363035343531613465303132
33313131323065643832386561316234393137303230383930613763653166623233313462616233
65656639613531656261396234303836613939653834666366653333323637623762383333643565
38366533643163666438393236303064366635333337393563646430356436376266666661616535
62383734306564343738663535343263363330616439386363333863343334616339323566643434
33303531313764396432316363626662656463376236666665653131366464376163643337653430
31356266633930346531666663643334353364343637626439353536376461363638303737373561
34363861623832323366363262616563646463376364316665633034666638376536373136326461
39643332316363363761623736306535393832633232323730643966353333363066646161373164
65396530333136343766323137393237666638316236376636646464343036396231366464376233
37343762333739366263313462613433323039313034666439323630616533366365653631613239
30376235313334323132303762623631393238306536383930383364633339666531313165313565
32383038663035376162633562616232656238353936383263303734313932326666323766623936
36333534386537656338643134373832646663376631373234316630366232643266633662633734
36383762313338346464396633386632363637386532616434643330376136666133656439643935
63653034336437323038383130653636356539303238633934633663393665383036326633653433
34373638393637306363633431663235316361313337366662646634333261386164653539653737
32663464353039616131386535396332653663306232326436646134663664643362643330393266
62653262366666356637306537373065636464643633356437623461313332313334323362313563
31366533373066353764623064303235326235356464363530363762326464626537613332316264
39373965643133333937383032376534356132376666313034323064653466313633326164643333
35306634643266313665653031386666376262323032623631313363326336653462633064393338
33663561353932383232663862303130386265383934346531366464666335623835336337393833
38326634613664333035626433393836373062366264336435363464633536303233343165343834
35303035636434623664316236346635623239383433346334646537666665393235393765366131
33376137383531363937613036306161373263343961343364373636616661393765396137343834
30666666623764633161613766303966336130636664346631643939306530383938346439643063
63616331396532346234643661663861613939653363623461383531653865643738383031323830
66393264323164373537353062363633643933386665313536323839306263346362373035633465
31343030643964396534323833613566626439636561636262623534333064613866366266653734
38633762366538633663393535303362396535663931313335386431373330666433633737393430
62666535306639643266323565646335663434363866653264633232363761393961333030633735
31646131663063373431366165623837653561343630373965653138333437636436336137653534
36623438313530303138623163306231616232663838366238323062646231393539343338396134
64656361643938633565623965663030383534333565326333323134366665383566323338393337
31353034353030656231356231643039633136636364653533383638303635393230323766393932
62643335646432343030373139633830343138383436626137643664306463633230353830363634
38653865346164376637383138666264383239316365663765643835386633323365653337633766
30333162613265303535613461643933623338313865373931663836623838393035323330653262
36303733356633313666356232396233366532336562343836346561333535626436623564323463
32303435373366306131383738643136313036313261333230363034663939626262656166373161
37656635323538316537353135373165383464656530613463353934306333653137396635376535
63393463353864386331393339333531336531623663326139393338343032646139303636633862
65626363633832393537643931386635353262663739366232366265343862303636393730636532
31646230353763663362643038643730343636656663623938643135616636396533396163356633
39363132376364356163306633363563653737333431373664653863396565343862393765313161
33366661333766616238373761353065326464613536393634646538306330373765363632323030
33373435383332653736313437616439323331396632326332386330303164376466633761653863
62643630353564346639646364366465343031633465393661656531393861396664366436663333
62353165363362303162383361306561623335363038623463633135646137663732303731333735
61313435383139386134303263666261326564326232386232613932373933363137
