$ANSIBLE_VAULT;1.1;AES256
33306130343564373633383062643433346666353531373865663939623162356362646434323834
3762653039316634363239646362313166303033666131300a666236376432353738636334316637
64336531666134383963633036333530663333373834613531653637383161653739393337323439
3563616563363539620a613930326339643761363538663232333235633263333131386137663464
34323634613262356464633531323435333230316433643632643938343661386232306263343632
33313633363164663864633964333339313431663035373538356661366533313234613733393735
36373762626634306136326637313562343333323434323834343066626165383538633536616364
63303531636138363232393262656136633733333963306334386435356135313831343163313962
32303163383538386365336630643135326332316134393038636363643836613335373765663839
61616435393531666432386531393830303536303532396338353666386233613964366134666333
39366161643837313065346235386632646463393539326336346461313232656132326231306563
39353432363834623235303362353836386162646263353363636630653866623033633839323564
33616339396161353630616261323438363939626539653930616364363335373639613231313934
64303361663564306261336438353833646230323337366536393662653635306334353632386363
35313230333662353664376633323932393564653266386465343635663937643531313336616563
62383438636161376530633932623266666637316466623163363437383835333734396461303933
36323330353764363834393638313263313563643637313433303539356539626465626664383036
35306166303630623465373538613363316637323663636466316461656539653065313737323730
62663631646137393438373563393233663762316230653239633962396661636531316134633765
61336364666463396161323934396261643532373161646533653262303865366334383032646238
61373239326337646436306135633839356639616135323439333334336336333538636536313933
33326161353838366162363339626430396436313930313662633164383631353934643735393763
30343831353830663935653231303132363835623036316666313330633964633733366364613332
33353136386530343836326561623739363063633938306133616365306262613165376638373265
30336233663964663336643139386265636434663963323562366365303864623737393132663933
39383833313062333230303435636166336663306438373733626636653264663531623361643536
30333133656164656139353561613831356233656163376236323236386236336162356535373534
36633438616564646235623335356431386361313135663662313539373538613166393463303836
64386336623761333665633064333133323666613961653865646563326266623539626334366539
30323336656666663139643938373430643931666633356534646335643139633966313531376164
62316163386230393466343635383661343431623835653835393331666364376233373466666566
37366162383766346632633130323864383234636662373664323531353061646631623864323339
66356130393835363665396330316265616234323861343463356462663739366132616564306530
35646430636135303939363561363765393362323234336533303038356434346164373661626332
36646332393330653163386535323837643539333465373761656461333261623833366632613565
65316230343861633736646664303761646362366631383630616338616266373530623737653630
33643462363837666637323062346338663733346138303137666363613064336638313765386136
63313138376133356535636130666133326630646164663637633335303834383464313330663337
37343561643139626331383436656362663030386264663363306432393564643464396631616131
31623462313230386330646533363763333337646338366638336333356163376430316365383537
35356433633364343835393936396639363461653765653765316230346662326435666262663130
31303962383332633639386364303038626661343037613963613466376634323435353937663333
65393436373532656664363861376338663230353561336430616662383832336262623537373166
62326537306339313766643061313661353032646361623933323236356138323864393964313535
36303361653634663930663066353537353837623230363339656137663762313066313630656465
63383630383338623535353665313736653437356564653132636430386131366234356336303235
33373837313634313662393436373435373133376234396562363966343361303664353830323939
39613735643065313236353134316234363635366633643361386232626462613566356336303261
39313437613061376335613232336464333037663162376535636362376461653666626366323363
66386539633933316464313835633065323139666262393932616262303535363361343364663139
37613665636565613662336161303861643635623933383130393263326130613035623838396362
36326461386535393034323966376664396566653637373936616339303831366261656164643661
36353133613237363933366636616333616665373565653933316235303630356134616232366639
32316531316234326634313035626566643832363261313262303864303462333132636631383762
33383135366430356563356164383932333537323535666664343934386564646464323731626565
65316264343164316666376437613063656362373130323535313764623064623838346166646539
65636537346632366138373261623633633232353635353934356665323230623366333065363363
39393935316436323237313833303666653965346565333738633531643962653935386334326561
65316265313336353634643161623362306335386165326462666635373530373134633866333030
34636566656535393632393430656438366639666632666539366461366462643533383939663333
33633136353032613435363739333064386263303062386165326337626233343266353039636335
65663265336139303465313432626462613537626265353664373166383532623363323037643834
38646330353666353865383963313931386339333863343935653331393562383538376634373838
64643932386266313432666534633732363366623935373832616630326632353636616636636431
63666430613062363565663938353066343565376139653431343463616439626335656630643635
30353435663132326538623736396663633831393534356639393734393935663736396362323465
32653639666265656138663038363333323833653937643832646633343261336235333537383630
36343765323536346139373666356232626335633264646237653036373161323139333236353637
36396166666130343034333032353664636462383033396638393466323338386331346531326163
34303763616463353737643437626266303331376635653731616263616634393034363239653831
32393932616436326437653162343532653864363564366336383563663130643063323561326236
32386461663666616631353833646634363061633265633934613731393865343738653633313030
64303161346534346230663833633133653034636333646563343033323665616539396235313137
62333236343131333937383761306231353839393934633838666665373734613239303365323636
30373834396339653063643234383936383561613937326263336662623737303561323130383161
37653331656563623138343364323030636330353461346637626633656233633034633764333539
33643566366433396465633938666534656562343034653430376566326335343034623664353037
64356561323735356364386133313462646534306332646234643832626231623434343131666461
31313836633534613066333766316562373462633565646531656337336231383832323938306235
62336134666631393831336232613965363338663532623933626164393130653037353334623630
37373938643165313234383966323132333433353537646331633533313563636130613233353638
65306638333861346664636235373431366435663635613861386663313865633365613630376530
33613261376661626539326237623264393636623334393839333132383061303164653661653264
38666131643066326562316164393035363432393333363935346239623363323563323934373662
63303438393434373338653931626634366533336238366535356533333731633530373632393736
32666630326463303831653531373733353566353362346366313338633837373861623535663431
61626263663164666437343332653837313339663166663763326264646161346131303366303963
62636536643766346636316636313232613037366262313734646466383033346430346265336361
63323931306637393837393665343339383563663465356232306136643566376662
