$ANSIBLE_VAULT;1.1;AES256
65316331343735343364363263363863336163376430613832666430363062633537623138663863
3031303330343436643830343161383364363236663938660a326665333462626435643864386331
39353263386361393561353938353737666537333361633331666666333366663633303731613535
3265313538646165380a623566343536666133616163386361363533636665336364653434616531
31636163666665373938376633393334313966393030663032373163366136316133633632653731
63376330373430626430363732336632393037653165333436663233323637646239353562393063
39333164346538313931663861363034663265393435646639336336633634623439636264333234
30656332666262366236653933643463393538333732323063346366376461363266373562633133
30353538376166323937643532376238643332636639643666393863393062613131633563303334
32663761363537326564636362393761633166653932626163656633383439653737386262343536
31366564336666623335333262346338613537336134353530376138323632343436653730363735
35363963313036353564313334616434356161363333336365306638386337303635393235366433
65303262346632323162353337393636313639353266366231326261633534666138363865343630
65633063323363623238336533646639353036643065663038316637663066333236633731316532
37316465323138376436646361613834656266363836373634306637373835396435343638666466
66613065323133393564363664663134393162656138363731316530383538656333363532323633
34666433623838376232636231613432316139383833396466646631613639303738626165393835
32623533656562356261373966303963663866643662626565653833346266633932333338376261
65656362653264636235303231653263663139353037613430613363323039353734393038376433
62333838313835616663316563323838336136626261613036373930656332366261633931373966
62333335656436316561323564613763653763383863303262316237623838316630383665393037
63613662376361626131623734303039666132303765323531383031663033376538366261323462
62323462393331613038626466343639313335666633376530303634316134353938643831616334
31616133616332363865646266373263623163623531613062373762366433663664326365626136
65323662376433636539343530613731316564646135613930333339666636653935396132363565
37383732303331633630393663626239633435393163316435313030363563336361383130326336
66383536356436643630666331663166643939616663373439363738633433366631363138636139
36313231613234323131633430636661333938613065623335353934316536376665643366393439
65326264623861636363663032613665643135643536653939636566646436383832666335316136
31333362633166666236366234323565393035656366373335306532386661343063323632636661
30383266373739303732343536636535383433303930376239303562393438303362353436323636
35333233313330643263336166353038613465383662343938383061646535626339363565306637
31383663656635366137316532366136393334333966663165636661663431303635653933303137
34393561353338373862333462313863343861363337343263313430666134373239383230653733
36303631663862393266333634333232613936336530353334386536613764316639393131306532
33356234626666336264633161396530623936633336616261666365366332316166633366333063
36656666306539333733346134363832636664383861353330326438383334633166326334616539
61386266663734316430343262636166373930616336383865393034346138643434623234363430
61333461623162326638306235386363393537656133363933636634303261613235666665393334
34306131643037363663623863656138303132393232663831383861373531303533626532366564
33656139373636313666346139613235653135346362353664616531323164313035316333303138
63363934306436373261663838613563643432316133363637626365646161333765386238656164
30653263316336323764383462373564313764303435653537333763323730306230333362353134
65393633623033646334323433316666306334326635313330366663666336636131356362656566
66343733613432383430633539326162623963303861623739376430663232643262636365353933
35303734666436373263313732313236653639653936353232333036366466303064376134616435
39623632393638313038616230623434393035646539393239643433613232336332636536323435
63323765303137353864363730333561353563376239326363663337396465613938383132643939
34356266626462326431663938616333613937366432663733353436366231363231313332316461
30343230666436313963643639633364343136323064343634383364633862353730393236653462
64643738346634333936373261333039376632383036623534623231303339343365333138346633
31646135346464333038643838383432343035366231323139396636663837646566623966363430
61303633616365316139326430313463333664356538383562386563336264366433336166386338
38663666623164396534613964323164623132363430373736343134613261313937343835383261
31323862626233336135346132643235616461336132363166303734383835363265316164323261
39663964646562623037636264356261303239313231303534323565323930303936316633393966
66366563313562326261653361643966303237633834323465376163316363653161643463343733
38663133613363646131343931346331393263343935623837623536313833323737316230356632
38663665633064633261623831373033613738626138643661386532343837613130343161383636
33303333303763306465383462613139353036663031373834356532306161363966383663336363
36373538306634633136643061326135636561633334303434663461653935303362666536633030
33643836366537373630333630353733353331333439373063376534666436303266396531366330
65373932663230363865323637653365306566373830313662356265613266373333383733323763
34363664643433313838306665386135383863373130346532653764313834616535363532316435
31616265656563633532373837343864333335316132303132323731323032303936393233333565
65633534333138353162613937636362323064393339366565616162303131333034343261333838
39303034633135633865613134343132383835643061303131653932343535356434633932613366
31383266326130653466653165633932353664336335623530366634373566303962353439363665
36343565303465643764356639313532663735613437306566383965333163313232383236343132
64626264653430316465303562313630373238333863303635376262383564393332323664303664
64623963326532653565653361323430393365363963653239343862646666646632373039393438
34623664393732636137373730613137626463306565396263633964663164653866663665306133
30356464323935633634636661383030336637636631336630663365656333633839653162623639
33373761303731656161616339313762366634336262356661393036663034346135383834363934
30656235616138346635366632323432316562386331346336353739646639346430323139313162
32626466323537356234653135383864343962633134363936326563313464303834343664316638
65626330616662383330393130313763383538326337363739616331633932386538393433333338
34633636306461366239303662643761386163616130663761653733396530373935313833353738
30613636363265613164343736623638663830643139316566623165643131373230393436336433
62373637303635666237363339353236326430346439316264336230376436326238656466643434
34376533636363626363636231643231373130626362393166646330363434353032343463323761
63653964613639376163333137303965373633353561396564306439353632646365616435316630
65643336643633313563333362366239323436303935386233353933376634383530306266303634
33663333633938353338393638333862353163333130323731396363613839336465613838623466
63373431383239666633613564363436636365313934376462383336646337313138303966643738
38653763616430656530646438363734613164636636396337663437303039336339623637656461
38363239383839623866386233633530396633343162626665386430383139326635643836663932
63653836663764316537633439303336613031383062316133383738626438383963333830346332
33316266626639363962643538306634653266623337353838643833653365396439
