$ANSIBLE_VAULT;1.1;AES256
32343431636539663539646265396533393634313438643331626439356664306231643662333639
3333393730336238646462653834336131323435633835330a636130393264653363643030316564
32663932323965356336376231303333343536323562376630663936333563346430393230323131
3034333530323663360a613565393930643231363135383635616133616139353861393030373363
31663031316139386633666562666432653237393337383038346635623265313238656566306361
35643364323039383334353261633863643533656438366138396163363766633634623761356363
35386132373933363235376636626361306238313263616530356331373163333339396536656532
66306334303238396332326137306138623062396333656537663164303164343032326366393439
33303866353164323031633532323131383965663164393864666462616530623133393230323135
37623836313065333538323561366461336133303736643665383563646633346231613034363764
61623166616165323131353832626238656534383934323136636632333338623031646234343762
65613930613139313731323338666635393531373036633665313636616339353163626666613064
32623839376563353561316463343561323436643234356334623331396363663962343934323635
31303237333335386364616430393334666233353633613230336234333466363332333636613863
38323161326262653233653962616365373837613064376438363861636663633939353832353362
39313731626161393561313237393462323539653463313161333436336430306231373439643463
32656637356234666334666465626664623061353338383162623766613039623064326465366364
36656631366461653662313738353066323866363235626534633964643266643161303434356236
66363130313532333961333333366430663037626361636165636637383738313461373432633866
37653431373765613033326537303431326533636261316631666261323466363539393231326239
30653730386139313838336366613764363936666635393966313935373566366363346239303265
33343838643963393763366465383661633265366631386236613565356534356331393661396130
37303035666464343763343232633965323564613933313132313163643233666530643466653864
64646436633432363364376266333430646262343062346135383036363761316232663563343866
65393065383761626333663165316337626265626565366132646333376665663235623732306663
38313936336534383832313964653435636635326666396336313465623165333136373832666662
39666366393039313435336565366137303236393665303130616431623531326433626165303130
63633436386538366630623238656466373131373265616531326363656334323630346635643063
37616335666666303930313532366266336533323937393361653862313936366333306331656661
30323037613235636464623530346461326135343631363735303665306430653034323632393666
62646338336234326661363561663234396331313263373363386262653563313834643036333438
33303236643465643638386361616364656462343133303262353139393362336263343361643663
66316163373337326434323232346365623262666636373939333832343933316538656437623833
31623730633037303765636535373466353734623634336537383061363739663736323865323064
33323363646335393632326161333765616233373031393632356137323031373732646261633130
38316232633432663239623239623766616338343937663464666433303833393134353365636266
39386336633536316461303434616132313365316631323335363439396239346630376432636439
38653931383565653830333839396238626364306263646365646364313761653932356132343933
64616531303638396261646337386131303732626363363861356438313636393964653364313537
63383238633162656335643832646433313737623632623965333634316164306564303834306530
32386430386439316433613433353734656135313861613962313238353334333862623933336335
36393630623438383235643031646533323738346364353738303430666566613361663032386334
33396566636362666565646462333931626333363561316436323835356333333036656337626530
34363833626366333935636534633163376566666363333734313162656666333364303037323061
38316132383166323562643764356634363239663430333232343730623232613063616134303133
66636361326331656335316537633031313636396132393763366431613464346539323165376137
38653866313331623637333931633530326138356234653336613630313236366435633136626438
36383634393764616631653439396134393661363130653638336261303661303362393964383766
39326438643866336236326231643431633236633066316161376436653564353132366137343736
32616636343334653137383062626239653761616233386263393631343337386664346631393461
63383139613164656633316366313436376461346235663738633835333665343665356139346336
31386566326634303931313233376562383432336333656233656263643738653864393634343835
32303835353363616634646134633635653161353234393339393663656261616130323638376361
31643835366462623962353333623532306662316566333662663734343439636562643262343430
33383035323334613431316635303464316434643233303539353662616332666364663434373565
65376264383431326636323838663432656532323936323131626462373432643131666638626361
31653061306236373134323463356463313035616462323533653031623333336364623037653337
35323262343761616165623466663363366433386661643137656236613964656438313730643566
65653265316461653930633261303339636631633663623834643737653232336639633364396339
32323966636533373164663562313331613065653434356364666131643639363938353965356635
39616635616265353537623730313866663633336237376665653661646362656139623830323130
64356163623534633238396432336633326237303338633861353564353762626135643161393738
62323666633330313162353037666638363031633336396266363730313330633431396539643761
65353162373133313232356361616663643138336536336163353564613430376163626639656261
32363730633136343333323731393132663134363164643061666230623364316336303734343963
30626337383538306364326535386132323639626531343339333836353730643736313438373639
61313464366635666530306262633630643936666535623638393631313661396262653638393238
33353637663839663337353662616535333262396662396531333837633430376333343935613939
31666138336662313932393062303937336233633736633534623262626361313337316363306464
31303635363837393565306134376663616530376139353233633030373264386634653836643664
39653133363461303035653535656464323438383833313836313636306633386337373261326332
39626461663435353530366365346564366530306333363635336130633862323033633230633738
63373762393934663738633833386262663865633431633763613338613938623330313566393531
34666664393531333039386331626530663364383163653639623631336262353063363631326163
63353934313263346539313662633232316531656234383830363666363465393566373238323236
64303839353865363463613335346134303761393235636136316532343439366265366561313765
63393839333765613936313633646539623235346564643436383031313466343666343161323266
37653835393935343831326631306537343766353133326232303561313230363634656539653836
31393536353031616332393235626635313137326165323937653130643933346338613631346239
30616235323737616530633162393238663462623363396366393437613666623463343333313861
33316466353130626637306537326330643636353034356261363961363432363665626363393137
30303232376630306536386436633534363866663266316239333664393962313930643863616233
37653339663762363362643031626338303837653266333638623666386230623931613862363732
63633730643232313438373663616133356537373939316538353962393533333636626134666161
31643038303465323261633832316133303238343964646639663566653262356462306432626139
32313665613864666338323863356562656534303763363135613639323165653563363230343965
61633632363636336363656565653839666263646430366637303565333134366338636234626533
61646335383465626661373063346137376563643432346362616465653565343664366132336531
66383666363939363836343366383938313837303237646634313231636565373535
