$ANSIBLE_VAULT;1.1;AES256
31383562616561313034376133366633383538613436313661623230306664316433633438653234
6230636264303139326562343437366438383731393065310a663965336661633963316661616131
62326264656466346635356563303765343436353262353464373965613965646564386334373831
3833663266333034340a323936613439326464623436396536656433623833653337356130616633
35383536336236613033663730613837393235316662346563363233656535326132303730343830
31663032336634396130393433306234393065343339633437646266623564316639313263303465
64333362623834633738313562656566393232666336346335636236393736386465613633336165
37386330643463343333646161323463336463303633363064316334623834393464653763306639
61373437363332386239343331393130633564623131376633323466646132623534386662626261
32386534306530663137633130353665333763323565376466633837653161336634666165313261
37303637326437343331656635393738616462303437613532346434633433616531383133333864
34623936363330666165663631616262363764653233663164613431333637346465303161336530
64316361613766376133396630336639366233396535313136376364323338643363396364666563
66623562303065353635346131643538616639376231326634396465326362303264633964303164
35646464353664666534376363646239353934346366616262303761663534663331336462313134
62366365623939356131653065646631303936653535363962346536333062306663353466656135
32646437646330643933376664633634326566383239656331323231393839323935393232643735
66636464333264306365643231333663323536366365326234313833383864626665353331353136
39303036613532323366363438306462643132643637306337353965326237646238653338376362
34353332313963383863393661336230326336376463383836303366666465393762343066663831
63306235313131326361363533646233643431373639636332616333363930323031666562373431
33613261643737636133386533626236616431303261633736383837646362383735613933663463
66396661613337323938666434316366383837303131356165656138626432366331346662396331
33373632663137396338393263643431373266636334313166333237393461343663646632336463
64346631336564333130613337653935346631383631623266393436303830646464363537363732
33653335386535303931306338323165613132333930356135623262636237393365363630656539
65636566663530333036303237353966376161383632376538343239383830383839633630323831
33303738383737366665643161373564363063326566643536343434613265303830306364643962
64356233656266633064613738626562363638333533363631646430376539633435313833656230
30383436393238616163626638656436356261343566653534363465383463313638633430646438
66363234643036313131303534326139333466643134336662316361656231383837363234326364
31383639643763343863343135376638303265616439373138363731313430623131383766353235
33663565313739383665316436333531366361666239613336363165346532316238613139376334
63313937356434353039363932316565373330656637373532366639636332636533313430326337
35636666376233386361656432316431343931383937343035646138393038336539656362346431
34613635663935393266633038373866366362333634323166326632303630346435343932666134
32366633356666623462366233313965666233356463313536646363303462626238343132356565
38626563626437343863333530353334356139626231373137313863646336623233376330306637
30366338656661663934643332326536316263306531666362623437633163373064656435363561
63396266663838633733373362666264383233386134303461643761363536353565636635303938
38303530396631653939303537343631353738666439343735393133346535666439326637316164
36326463383464333533326163366363393636326530616461393462656161363931393862623832
65366233643733643133353439326661376337656636626437653262613939633865396163376533
34313130333863396163333639346233626661366635346535613136376138393338366561653732
35383734323165303766376466316336363961656136346563363264323236323863313537363166
34366565353436663538326237623765653830393439633263346335623262633865666234373963
33373031623062383431666366656264386130383634333661336261616465326338313130663232
62626338373162333263353132313235636635623738633262333535373538313232626335333035
34626433316531653861306537306537373931316261313735643934656637643631343336373631
65373362396134323035626363386561353134313964363434656265333531346233636165643766
64313564356131653362323434366631386336353262313661613864356533323338653531616564
66383031306266336439646464663839653738646662323332626261316566343038646265643563
61613964643366366131373862653435346433353837313133663530633161623432336464633939
34346665333934356436333235363036336134633434303131306234633362343731376339386331
34366332363264336366623232653439323961393362656537316233636335663335653061313864
66356335636431653361613163653039386261303532303365653033666338643530396134336232
35333765663966356131333132373231633762353837366264656232343536653965343631613137
33303731306562653365336238353961323062356439373865326430343964656466383731333733
32636232363735383233613264336538326461646233626361643163343830616162313636343938
32353633313733313435316564386536646136346339323963633562353030623461393332623462
30316464333634353165366166613065313132333436646339336437616365363439653739653664
35363464653932306564376633383630373964633639363639653234653831623731376265383039
31336464333834623165656636396437306163636461316334326438353061306566633864316530
63326238646236663535303165616138363433386136396138366434353437383833653064626137
37356636396463396439623036316232363561326431633739626264656534616662386165313734
32393866313461303237313630363362303838633639616233623635356363346663646265653565
33333063316665393631613739313463663761343132626664323961616333616632373730633831
62623061623664323961303261663338333338343732666166373135363534393539623631326434
65646333333430633864316264613461383738666539306235333165623163626430643736313634
33316634383538636335623236656130333532353733313035373565313336303861356630396639
63393665653430666631643731646232366436393235333730383861383561306638336435626533
39303863316561383566303037353838653364313131323437376632363565353037656533343632
30326662303833313366353663323735343934346263646465396534393038626332336266353265
61636164616339356166353262393463383636663839353933613434613164643862376333643463
65356634643464666332373831636232353836613165376565303036646536653263333266356239
36633662646533393236383330323038623666323336656165646131333963616230643661643033
34643034313866303066363264396330326232326134353837626665353265306139373332316636
61663865363562306533313636653366323536333363383233353032373164363730306632386463
31616434333135393334346234366462653237616266653337626561646234656134653965393264
32336331396331653962356265613736643264313063653830366261363563353230366232383835
63363065383834643538376133343834613535666632306536343331666166303335626138396636
39356562613432633732663238396664306663653836333363346339366264343135353139363136
66343338643963393262623761623335323430666334646165326430373330346239323132356634
34333139663665346331656364643865316336336262383037376238356530343834306336616261
33313333623334333639386137646631656661316138396265666465323837653731666535343435
30653731623136386461346137346165613965363335666437353831306134353731613935623362
39633836666664316238653762313635316631373931663534313033336666343063326165626665
64343363376633616431633365643936346339336439373532376638646130346630656530656536
31363031623462303531333763386236633333303165343735316234656530663961
