$ANSIBLE_VAULT;1.1;AES256
37343539623234346433663431643963643035343133376166636163326263303532633237353236
3537663737323862643366613762386634636237343231300a653866343166323263306138383739
61396463633733373830386533383133633432356135646137313035376362646239376235353238
6139313738306137310a343236353735653666666233623031623263656434326238336634613638
64393362636364356437663639373636646434313338363431623930396661323630323136343533
36656134313064336238623165313734393465306238666638333936636337356464363333306438
31323861383164626334653332383561613464343432366364333262633261633634393661373931
30326663343236336137363362666531396164346562326431323832353334383535313561306438
34623038653363333531623837323239653066306635323332616239633361396465376434623763
63386438373565653766616466616461613933353539656534633036666632316233666636333834
35366463356534383733626638346663623964636331343136383364396165313731316438386536
31366461636639626131376339623662653631666335653531616332633363303836316162653962
63663835376339643232333136373063616266663562303531633938303337303533373161346636
37306665376633636465643561383462343633663733626237653132316239653532336365393363
63646236383862666532346230363035646136653861336237613965373435303839316462633033
34613366636464343832623561353534336330646439636266633762633161616166373663313539
32313138306132383464303232633964663266643536316364303733333736633764613264623930
34306661333935656632613064613161646263386332613632393235313565336535626164663366
32343130643038306466633236666366663637646535393235346438646466393637333936646230
34623834343764393737353333336533643161643737643163653363653066613163353530383138
39373537376665326232356537626163396261393739346230623963333233666430623632626162
65646434633932393137653664626338376335636336303330343637353064386239383139366132
34386335643263316138363834646133623235656261383939653139646463663233313737663763
33366130356131643837356135323964373232623939353865313430353061663537333138313565
35383163643430666363643032633161366630646535613638333861623231353465386439326535
34313161333134306561313530653630653334393866306432353736663361323439366635646162
63613339663863383037643630343063623265363430666539666364373234623366326538313734
32326432396366636663303637363765633965666336616263396132646265643764623237623034
36616661333632383664386234653537613937366639643037666435333361346635353632653661
64363936633235396438616434623630356361313031316561313463373635393832316332386364
35656665613734393163663464313333623063333764373034643735306462366662386163636361
39396336353333636663356232356232303462316236326130306532656337663930353161636534
30356231326435623231333565623665366338373930363665323238353436306134373765346330
36613638666565663935663762636137653530383664353334353930316463623164653037383465
38343438393961343233373238356363646561663035396563303538626564316666663634633632
61633030383839383364363136663934646465663566396366613361373163633639306666353733
66396534396131356333326238393132303533663630306162646630633063336536373531323136
34353532616336383964366465363862666165623239363234636532366130353665363030616336
38376436356563346263383266653537313862623331313737376437323739376461386261313861
63636534666161313132366635363036306565363066613833396565613539316130373838643561
64633161653264663466356565303862386265643839393531633964393534636365383039333730
36656366326364326264363933323836346261346639326639663838646438333138396433353366
39393036333064613762623362343439633730383436366435383565343066366334343865366135
62393238666134323633656139663939363061366265643235623562666639383132633165643464
61346235663261353932373964336232323236303031316465646235303663353261363362353930
31346661653235666537313438643638653033393262376661383061343137363736353732386439
63626636303065633335633861343331656530376332663332326434393165653835643133343134
64643761636330323166333931306236316162343435393665666338323435323231353236613231
32633762323262656138303561643838346163393765626563396539653663323338383430656162
65393366663236343964656537363564623464343331306633383561393136383632376632623261
61623665396535643333356165616238613738643838346466626634613262616630393436353732
64656664376336666232383039666638613731306365383539393665353234363963633034646335
65653736646465613537376261616234303637623338373865626131313731643938383836356465
32363863643366376336303630303336353031663563346139623663626163393634653438636433
33633231353236313938313436356362386265306163333561303335313636326131303932333533
31333833303033653233343730373063323465666239343937393039376231313634333861303031
30373564356364663131356136323336386531636236373439633331623637376235313664646239
37333564386237356664313138336632326539373431353731303162653136623434366164306463
64353866336135626466643433666261316466386531393231333438373830616134643838306232
32376234326235656435333366626438316438376237316431306233333364633337396366346538
63343865383630316365366436306539353466363833613836303862613138376434306132383161
39336163363263383463376461363137336337326665393061306337343532363062623362396264
34326562376237313364386662666137343536386436623934396264313166646131626163323531
38323830386133326334316636386339356132376337303638613137316634613937623564393561
61613864363637633632623664303435636665666339356565643735663033303262336239643161
31383433313335643938616162663331653661343233396134316136646265323835353337626434
39623330323931623138373463616432653836363863303336376536656430666435343365626335
63363235356564383433643734636539343561373839366433623936313336356635626237646438
35376531663863633166346638356563316135346164333464393661616262303961383836393361
36343031656339313434623839663538356163313937623561326638343066653565633866323535
66356338393037333632313966353530336235626633363732306532313932353539343131643035
32333330326234323236643737376537656462656664363831323539326566366138333362313338
33656431326365343237346636643265636162316663616333616263323063353932613364613437
37376236303438623565616435623561323638613139316365303938316639623436643763333939
37623932386262383836376338633235623734633264626361613662303533346331326331346135
33316531633635313461643033366430323662636334343037623130323830383465643365643835
33626533313732303038383934336161306239626364346332663138326463303631303364656636
35336632353030336139373038643763393438313963313761633066313333396633643533316134
36363762353231616631656338663238656430306539396463336162623538383831303965636661
66313366613739323466626432333733363831633461663765343665626637623737616437393539
39666661666138643031363561316331653561666433636133643831666634353937646230366437
35316131313165376331663933396262633437616238366233393161323535633765363732643233
64633030313766623334646164663539616137386461623764646330663732303431303062656636
37323164383938396265303537336331393836373730363938626665653036646534623130666439
33323562343661663565393564333439613665323262396462616338633239363265653435393131
61646465663437393463303137636439663731393866363730316532353431383064656266636530
61623865303936316539336437643935613066353761663134613833366231633538353938363032
33373032313566373236663939333335663634303662366533333636643063336631656634366534
31626566393839306334643034363531623231316231613237623866336463633636
