$ANSIBLE_VAULT;1.1;AES256
31626436353865653863393864356166326264626534326466363937353031353234386136373532
6430336130303761343938346336323666346539376332630a386337373835366662343064636533
61373432376161633936316661643939316138316330613330323761363066353035393035383239
6630366238643635630a386635666331373963626366666161393763313461633763643563393539
31336665613439313061336435353237336334323039373036393265636464623763623637343736
62313135313232643063336165353862653962343530616162376538383961643265623433646333
64386438313730393338663237333631383830333538386636663664383032376266396564326534
34313766323931323366396265366436316230613765326537613239316363346566663861313935
64363733333634636133386362613334643934313836386437356230636436323633313666633761
61616433326633326266613331383164633461376235663165396433373532396336663264663165
35333964346463343366653935623562326431616535613233656363353937656361303737326534
61613134613730313262396332323465353734323633613537646532363933616263343431333966
35633161333535333765353237353164666663383930633633653765306462633633303136303536
37646534633263313338623930616135393636343035303930663062626234636437633738643639
30383264313737323136383063353065396562623061383933393363666633306535666363393864
31383136393733656663666363643032613163386637396130656238316434313461653630313231
33623637663730306439633130386334643666663061643936376435346434363265636335653330
30646330396138383131353037343763633763306163356237616631663332353931363162316165
35383737363937646331303433343934663031376430653633366639633065623633666263343137
32643330393335643630393634346333653438376262643461363664316665643066326562626432
39306338336639663930613937353862646237373263363037666338653332323361383634326235
30343937373235643332653638346137366636613237636565656533323234623562643962306561
65666135323935636564666264333564366532653437646632643934613739626236666263376632
61303632633530313639303837336664393165316632333534613433663333386531353933346339
30303137343231643439393236376161393961353935356434316433326563353463356136326137
35626630623531373634326634616335336165366462323963363366343939353863613831306366
33363436343131613837383062633733353465636261623035353863343339313237363239613632
33616536663937663536343734323539326566366234633038326538316534386266363932333362
65663961316665386536383533333766393631363038316566636562373634626638633266306639
37376635616365646435363465353530623330356333333437653062383764666639346661343330
32613237613166363362626136353765373262616364393434643837353136653664323338653938
31323033346134306335396238666364313762663861636335366230313631396139373535333165
61643963656134393137633334613432323932643566363662306539353565653732356436323636
37386634376138306237326138383665643737666136376565646438336664313564613564373538
64343837666466376166663865656537663661343962623364343964376339663333623030383862
64323831373038373031306531633433353862393534386536646534653263343333643239386131
36383930656432313662656239316333373766646237346534616561316661326239633130303563
30613435363463623063366435363536336230643332663937343732373836326662346139633239
65363465353764623534356438393763646261613838323830396232346538343766343431366339
66646330666461666139353033613235656135343661383337303035636330376262303631393434
66393531376135613665626565643636633062346362666436353263353939306231363737346361
37366564633062353834313837646532653934326363323062613664346362306662656232326535
64303430306562323133376231333566333361326138626362613631643635373234363261633564
36383933323231363335626536333363363032333939366433656432353037326565656635646138
34363566353566643166653638386566646664393761353037356630383332323661356536326235
33333362656265626262633739663433613161343838313733656230346230646230383734663735
32343837646635336265616462336534653538326438323839336439663063343064393737616565
61313862376663313965333136343835343832326262356439323336613839343230386439613065
31613035383466306663313237626234316532643230643265643533326462393266323266666531
38336538383661343437343034663233663763623862313334666533353235373134326339353661
61383761336465383530346232626464306665663666656133306161323932373035626164643433
65356333623736326639653761386439613333643933343532356432626130373161623462653830
33333265336331613237626264383031646665353866666636656564313233656432386263613632
31313263336132313531613765376630616537343433663563303039636638633037366131313034
65656366613531313731356434636132376635306636623265356430663931653061346535666438
33663862626161653930653333393566343437623338316338643566323565356531343465393062
35656564393836373836326235656632303035656339363765316363393061336639363166343661
34623630613262316663343265636335363738306661326131313834353734643465313335333434
36373836326330613736363639323738333137613232323939373830383335636563316463616334
34323235303033646537373735663032616137346466356366333664373036663433613231633431
30623333363564303064643637653065393232656539313036356637383232343833383064323861
61343236316434366432386465316166386637313339313261653962343531376566353031393262
33353264306463626432303734346433333333313832376164313966333362646665613537666536
61353239306331643937313534353232646431636161626361303566623935303466643231363432
62613231366562366563646235363430373337663139386662393639323534653065306366313864
32623737316131323339303539663964636665666363623264336161353239346562666562623532
62613539316538373032613862666464383432383566636164343763623462316230393364303762
65643164386431613633613333663165376633386161386363313436663535636235353238633935
37633030353831326337353839313065636238383235303763326635643463663763303065343130
62653739623465393936313635383731346463333464633939356165333164306136643066666566
66373065333265653565646263633933373364333838633837326166316463666262623661336231
35643462346133356535363565636164323938623562376639363333643966613631346165383165
61303863616362616433353731303035393066623834363066373432616339623938623233376331
32383262363030373763353634393435633134323338656633333437623338643232646534383935
63656261303163376436376666616436336664633139313034383339386234663966363434323733
66386538313466366263643437623266626430326163636133646232303433623033303334306563
63633663363831303734313466366139653665393865646437396666356433316531653632336664
63306662303038373738643962326362383730346162333830313632623835376634303834653839
30346136353836663637303332626539656366346132623165323736303934346134636138623435
66316335333361613262316134633833386133306437316536646265623634383462643736663436
62363635313035396164336266353038653665616233313436346364323138613765343430316131
39663639626531303432626163613939326636326166623137336530353963363262623130653239
30383939643631343432623163646462333033313235643161383639333936623462363839666336
31356330636633333339343465383761303662366538376635633864356136306264363466613765
66363934313363313437623462616561346232383032666635323233623564636530373763386534
35663234623334613765666536323534356635613531653262323935613034616238333931643331
62616431383737616361366532663639383032336539636364633566323737343338643434383938
37356434333736373961653737653664326466353664623339343932363161333164363363636264
34366530386663303331376666613334663037643165356237306530373666353162
