$ANSIBLE_VAULT;1.1;AES256
36646533643161353634393439396431646163646361303835313665623736616261616432383934
3935643863396634313662666261633634306339646639380a386166613963636131646635323034
36373335343535613032363237623833323932386639653336336339366236383763323237663738
3737333061613565650a623935363766333937343838316637393131303466656235666463306166
62613935376562316530653436393766613732316432356534376362346535393933363665323734
38343033303864333965303666353265343539613430323730303431666336623830386138633431
32316139313633656563343131626161356632303339643933393566363335306665656362643238
31623964623633303932393634616639303166396130653065363266613965646661663265636533
66313332356161633430623536333063616439646530623863646534306433363230376532653730
38623165343761316663666437393536393337333465633963393338313930623264383366646132
62623462363332343134336235653137636462636537333733653930306663326533646138346532
35313736383436626132643865666261376239306261373632346134633034316261383735353265
63646566623031393964626663613464336430643536633938303738383861656234306663666532
30313839316639616133383338323362623936616461393637353164353433383432303161303235
38376533656236366635643961336465636163663136396631663466313535323931626565393138
39653935643439636634363132353437646638376139393161373937306130373063393361653165
33623437323637646230313937363834633933613938643536363162653634363834316632333233
39616239383931303836356133366535396562363765343463653631323664366537613163346438
38363430656464356663393036383531313432653939313630373534316233393436643233323837
32306561393366646637666434366338306536386536393562393134326164613135393565353731
38653438666361376132333735633134376238653665303738383466383636373036313861356436
31356265333332316430383433353434316634343865633962353431313833663934373861316363
65316639326131616138633235343665643138653338643131336433363561653533656332663839
35393364663232613361336564613239663531366139393531636534336532343036393463653037
65363738653864353637366233393863396139623762343539653738343938373963336535646136
36633161343137636639343538326336346233393430363964326134323337633533633031346462
33303736306236333636303432636232316136306532363665306538303963356237633934626439
30636665336562613166363664343538346463343561626665626632316633353735643366633432
37663033346337633466326531303961383466316265376435643661313730623666316435363135
61336537393131316363633139376466636165633835303531626665353661643830633261306338
36386439323064646263333063356133646132303463653865343261313039393433633461343762
61373831386438643631393235373564313962643334613462333634666332313336313934343138
36336234613238653262346338386162356333633837613962633537613933386366613233376265
66323763383836636235386537343638666637353436353936303030633164303865326632646336
31613537353164636463383964613931633236646539376163353133303462346163366665666336
63393065346339316531653034643931313866306638613933623765613434366236383437303934
34323233346337396333303837373237373133326637666661313531613032396564626234623861
38656132663833366234323230376338313336373233303236613037386630306363613262623563
38303235666362323531616465616236343766333034343866636130623438613538356263306132
30663230363166356430376261363064653332633963363831646536393561323865336130303831
39363139356666373961313232336334376566323732326637323463623165353136393636313332
37363537323565343664616631323230633238653534633632306364643265666633396433366566
33333835383662313731623735363633313162306661356539636631366666313636656230653435
65396230343564373537636338343231363165316435336361613530623066326438323263393161
61333431393037326362306431353934643564313962343934663536653938316433326435353165
62356330363937313230663432656430366438383161663239616333353433363961303763623465
31306461366464626462396539663134656363643734326338623937313235336432653132313832
31626439383438346362366230336635356530653866366532346663373334653836323564366435
39313332663436663236313933343938396430656561646639366638373432373031626464386238
39343438343339333166376336623861303164353835346533333062646537356435386630373239
66353732346634346531663264643835343333633731613538613236383561343034626533316263
66633439633265316135363963636135353262633462313830646462336162353365656662663964
33343862306234333232306238313539626262643430613464323836316634613064633462343364
64633532363233653335666433613361653164373731353439306534356262356136323266623039
61356665333536353839663431656163316434353237333133333332646361323439393365343930
62313434666133323533346337626430633530643962346331353633316361313330363234626231
35393165633965626638313338313762366238303832376561646365623330343366303839323761
35326663666230613235373534656335383434383038613166393165666166326236323762616663
34653134396231333639303964373939633730326638636637636133333865663233633136383066
35303731353832626330386337353961653165343237623161663736343065323063643531336664
38366533323332646436633963643337313361366236373166636236356332373166373731373862
34383033656464623237616433363432623466343539616336613733363932626134343434383231
37336134393237376661303965373239613030336630313362636566366266386634653435366635
62386234653139386261336436643731393733356530616564343636643530376431336337306638
33386466353235343334366335633066353233353761336562643764613966396536623238346332
64326564386435653339663638623266633930616363303334376564326661313334363639666333
62656637363832316531613437303263613234306532663030656232366263666435636436653061
39393038336564666330656666666265303337616430616237636535326663643636373264663364
38616563343962383239626132633363316562623937343338333261633466323363383536613331
62366336303761356337633661386430393464656631373738656136613934393039393535626635
30323363613864353665646365366637353766363466356539393136313337313739316438333439
37333334323465323262363964396366323635626134393461626331616363363630316632653961
61663661323962313664333638353636386332336561613132633836626163633966346234373535
65643531316664666532386362653334326530383566313239326633316237393933643364636432
39316631303538356130333537333266633831363863356539366136343937643463653965346563
34653531656564396437656533616263373830653632653130636161373231346437656530643134
63386631333531633564616165346533313930613633353466326631646432336363326464643461
35333530346136363962333734373665616630323734633333313563613865323162663834366238
63306536323762316139373637653632643362626364333561306264623131643630653331656636
66326562666531633834363935623662393332363565623136663032383263633636663063616635
39656364343865613537623536333338656262303430376165303661633837313962353035386466
35336533653339633536343837306535333935666166313764363562396639323336323566396634
38333663316337363766343930333238386133616538393562656162376136663162373538376331
39366531613166303431343332303862343265666439643166363536313531353562626533666438
37656535393732313931316236383565643564623230333832633436336132336639613962313765
63613966383133353131373839363664303235633639393962643130303761353331363231393031
62313038363933626132646137626232303736376238363062393764633834376663336539666635
33336630376638633535363866376539636237396232396161623730376636653838613661663733
61393764386433346562333336653930366466623262336330333131623564363666
