$ANSIBLE_VAULT;1.1;AES256
33643935616630653166393762333165393339656365623335303663343735653139386162363736
6330636265653539363231643764393933656530303737630a626130313539633564336437396139
36346430636331393134666662643432626363306635636535326235396636326633663366343161
3234633565353630340a656236313934653564303535393836633635343934656538353734363536
39353230316132386361393734666533636536326535643465663430366662376636646234343166
30663138393664623730303764373839376264363362383662303133363036376461303661626535
35326664623963303932633036623436623663333338303864336139643061313239363063636265
35303834333337313938373330396432383064653662663938343638366663373364393830353430
32353161313863613936306266613263633730306634623339326231313933653433613664363538
30373137376663396330323839363961336537356535303163643564646339323265373231323036
35396163363565663561626436363864633434386361323063326339616239393865396566643365
64633838373033666633383934623763386633666332623737383761386538633461613362383763
33626335626662363038656236663435643835383736373138306236323562326663373635323866
65303531323434396538346561383763353137613531323731623465343136653263613938666530
63366231323135353063336230636463623264623538353837623231363236393332613338353964
37316636646133623739666337356363363437663066643635306263326531313566613361363737
30353531663932626265663931646635373661616638626333373130366236386335313830386332
36326335366432383937323338363466646661373036636465306535373066643464653430303534
64616261316430643835626239366639343939393762646239363764336561396162666634396266
37336633373131666233383532623734376333396661656166346138663836633262306535323330
62373234633735666533303663303136393234346232333335666230303635363030313930393334
32616464396430663533336663303030396430356539336566316639303530346230303464373164
39636130343438313439663438356335333063636131623062633964363664653233376264616163
34643131623263653131313036303036386637353463633835376664313233316538386163366531
35663133316266383964643466346139396337303136313838306236333465346633653133646637
63366330353863373264346630323631383137643035356534303934383864613131393034326439
64643866333536353530343063383131353663336538373130643631376464343635356662303936
33376435316231323139343935663732336366653138313563383730616130323537623765346631
32343930353164666439333165323932626262613630316133313533643538393738616562326662
37653962666266663862356232396537616466336639616334323364326334336632326632313961
33656564366161326161626330613036666636663366633466646134313861306330353031613462
37326131303964633935353433326161663635383131653736623638653238396162666239363930
31393162366431326632636236613235666132663863316135383334633463616461653539316135
62303133633832356630613361656136613732373737656163383631346530613262373261356630
63616637613730323463636164393938613034646666656432383165623932353835373664333663
37383631336235346164306238326633656333303330383165393361666165623464313133326164
38656430326466663930383766363837393030383630326135356134366232653933373463336239
66636661373862363033643931633535623666663433303736366331643938636435656562343263
66373232336437623166373531636630313339653239646231663038383563343631356430653535
37313732303433383532376234333666653433353834343365323363643936623430376333396435
38393837656166313735333364616234623366653466646364303934326161323164316165363235
35396662653235653563313633386666333662343630333936376136323461343665666537653062
36646535653163316135623563313438353761613962343261353633343961353734626231346133
61376137633565666261316666383338366635373732366539626261393362393036623065643934
65326563323539376366363339613961326632663132303465653166366162323739346632623462
66316332366639653038316231373736356464626536366439353736306333306230336230663265
38343263656661366536393230626361663731383065666534346231623937316231343366376235
31366631393064316362643663656334636435313366376139373564626230636362393162396134
31366436303966326164316362366232613036393636303938366239353932393738323933313364
62616438373832383733303235393039633864313136663836386430666439656337633732353036
34663431626235653333363262343966653737613938373338653936653666393636326333653230
30613131646461333736373761393239663337346230663664633333643737626431633430306238
31633334613466303839336137343635623061323831636531333061383330643564346533393463
32623866656437376564346132363465663265393334613130363139376364653961356233336262
38636461386134356236336538343865626133383137303035393735616635363530383135656163
62363363306161636162383337663638356136383134613533343234376363323036316630346663
38316165373835663166323864623930356431356538343339666234356564623239376432343838
65393765663162376362383362343166656339383038313265373263653235383537643165653539
65356635656539653365316531323537616562366338663132383432633566656537636333653732
39336266333130366433653262633464326437333834653038336661383532303431323832623635
61363736323766363466653261333165343735656662663138333266613566393261626233616663
65656462633830386135643466613637613234373532623866666132656366353637343439636632
36616233393731646130616232333839303238626564653730613233336662326539393537356461
64643132303033663662636664666330653864666232373230373134363433616366313235333138
34386563613830666336343031306264303535333564346434303161613863386534373163643430
36666339346565636264333537643533323064343066623438316532393063353835396261356664
38326336666535636636653132643665616461643034646463653333626163653033646662623662
35323062366637656263626563316461336262353834653966343066383835303935333935373237
65343731643936313866356263333062663762386563636464323139323163393034303366343734
34343139623064353833383133626464613437636630336230383839626165306335346238383930
64303630613366336633333932666330346362396339393737396163363639323031623238656464
61343637306636363065353132633338633930393865333533303366653636336339366637633263
62353966393662626662343334643338323865303939363863363333333038336639633231376333
38303131386636633365656366306266323564663538373761393239306262356539626561376636
37336565346465663134323562633136323464303939383331663461303233393739353131663237
39353539613133653030376438623330346436343137323239393632646666343038386130376461
64643630383635373738616330396630313439643032646233346237323330356233663664636137
64633137383262373164653931366363333661393532323439663965343665396532303130646133
32316539613265313234323135373531356638303861656462343638653637656233356236363332
39353935356437376635643637306130643032313034613136623937366135393936303038326536
65363239343563656235623736346566316631616530373230643734636530393362633966663433
65376335333466663066623633333933313364363134646536356133666366333066643232356336
38376235353063316133393439323131633965633761343936373664613163633536633765396362
35636137303039616532623564646231363263313937306535396539623633366662656164616637
36306333386138396439663532333232623131333966353230663565393038306635313536356136
32613734636134626462346333383433343661373333366165663566303664616234646434633763
61393234376234306437303537363138636338626332313233353764383366323332333963646632
30316464656564313733353064613062356265643830366539633863623863316463323064633135
38313064356561663561306634366165343765616266323639623261666331363066
