$ANSIBLE_VAULT;1.1;AES256
37393363393437353262343735333834356466663639633266336165653164383535336631663266
3033396366346261646136343963356334656539663133390a336463353633303039326339333030
36313638363733663130373764333534613237633466383733353461333730653564306438643666
3937303430306430320a653733616339623961346163323732396366633264383666376261353434
39376338356564636661633932373065663163333933653938343361363264383833383038383238
32313237623433313137366663316238633539366638383065343964386532303165346164373134
34343138643038656539386231316637393931376630303934313366626161393230626233643539
63626166353933326534356666303330646166666439373464303330376333636534386537653965
34633165626264303431313036346633363837626461656562633737613232353130393662376663
62643863663439386437306461346130616566303732616661643630663666353338626633636563
61363566383633313665666365646261376234306230636536666163643462363362623336633637
39323561336336376239313763666536386636613431343737646237643030663065636261623635
35646262326330343530353138633364633739653936396464393333343139376538303365306561
34303464353738633933646234336263393361353033393736303936343365663261393030666338
66386362633235353931656266353162636437326563363537666531663064653032323732313630
31383865653961643831316434643638313535623136366330343162326233396631623731336633
35643038316637323931623034396130353837653663613632623936633935616438663863303037
35653238633762333630633966346165343265313537393636353939306438363831333461656234
66396434316661653831323733363030643033663563616630623365623333633965363862616232
66656366313335636234383363643336396365383734393062353237613765633333306335373236
37323531376434346534656235353533663365653234313530613638633932316163383932623537
32343134346663343065386330303638633161666364366139653430333431653562613962386534
30626432373230653738306665396530613262346432343538313637633034396237303765663239
63636365383939303934613335393161363130663836626239313034363939653261343938376131
65656430336539646530656665613131653131636264653631313438356534643939633263623261
34343639356364303835346465393032393266326231653337373832343361366565666461633161
38353738393331393566383136383632396231326439636538333836386537393535666665336631
33666263316433623032663339653465366364353536393931643565313437383438373965646632
65393465343033633161613962316236313937353363313731326434656334666332386334393835
36323366323636373066306131343530313338613766666161353635326363666236613564333437
66393734343564386133396538666263323436636265323365643962386338343737653262626631
32653962366132376537336464386636353661313762316465306239353663653863366230383135
38636133633439313939333562666663316162356230386130616337316363633732353966393565
61643364366466613230653533666463343331303233313663656636363335386337356630623737
30643763343133626633363961653832333932663736653062636535383533313138646332396437
38366464363536653034626338666566353163313438393835363461663363346139653830363731
64386465313766643036373436393966356364616132636463303665626162663261363533643538
63343661373139626431623161643061316139373430353166356538373331303935663231393830
64303031366261323266343361313264666233393734313737616532643339396333333339326436
34313064353366633430666339666462386636363234663237336161376437323938636534393361
64333161333535356464623762616365353966386532343062616338353338366632626532626465
30646664323864616566333663323531653730346237366661346432303264656565666232383861
62623533373234356165626565333738613134373732363238343265396539336162343661363265
39306639626663343237373863356438383131316533303831313737623239363466633634613161
39633537393433313164663237326135613036333263396139323434343361383539633462333139
38333266336335313433613230633830303066633931633939346566656163633934616334303262
62393564623634346662323063323630636133353266616330613361366332353262656435366162
64366463613933323465626661326434316138396365623730303238333664306461396130303538
36653834633732623333616164666265653366356162366639326433316666343034383135393061
33306336666263326133333466323231623664353366656535373431326639353961656139363962
30633662343061653464653663326166326263383934613466353763303931623764393233366332
34353635623561623262396163623664663831343435666636613739636232666536316430643262
62323961656132646434613565323731396466383762303061383039353636303234346635623732
37396165356137633139393139656236326338666632333231313163666631313035396465333738
31366432303239383134396464323266323534363939653565626535383163623964666664346233
34386130363435306465343365323034333661653432303439666661626661373633313337343064
37646335386562383364326235343638346532646639313161633263623162353130326532616237
65353234326235633936306339373161313164353130653033646462363137313230636138656563
63353738386338636536386332653065333734616466656563343233623134653035336633366439
64653031363636356266613764663132393330366330373363616634343131303539366637363539
32396138313066626233333836383864623636646130336531313933376131343630656262346130
65663464633535663161393366636137313632633434663935626239623166356434313861373434
34633161333736303934343862316562653530323963356366356663323639326431656436663231
37343733393161623837626330303130353933623236633538333636313435636561323430323433
65623466313031363461613832653464376438313835643239313762656665643265636665353763
34653034363638613336613239643135646136326664666634663662343766333662343435393966
37333664643730656135643735366565643561343537636331316137666139383632353433626639
38616431663063646235636237633138303364373338353535663536646139373262613135376561
34393366393162316534353035306537363835353533366263323761663265373766353564313339
39646530363237636536306365383533343737353831333363326664346431643038323165663465
64326333303631643439313033323833666630663837663031613262316162626561646361663639
34666465383434386264333566363864313739346634613938623164373638643931613963343361
34653664393365363130636265623533613933323964366430343062386639363334376339333436
65323065373261306536336561353465333235636234666361353837373231326533653866623535
36383033393932306137383233393630656436383238383434316231313831363132616166343964
62366633376364653138646432346239386130316464323235343637346465663261613836653639
36366336306161646235383737396536666433393037316464633033383766656639303730396462
33643063353836613131366331623536623637633066393765376239333464383161396539663937
38306337613637373433386266326438646131303031326235323831366635653232623662343861
37306436326564613661383761616261663738393764356332366635366663616465373965343538
32363231623939643865383962323337653630626666616331356465626330653838386136663532
62646365656536316166356432363464353238626438326234396331363364636337373566383839
61353131326161623437663839383432376132623333326334666435646664306638363432356263
30396565333766626466373239353033613131336437613339373534643939376230636464353530
63663834383931343536643931356236343763316130663965363838653861303339333631393431
32383437333730386665313462393337353665383834303135623663303461306337623836656665
65303337346239633466613365333932633561636532613063626631373935633330326263313338
63306332636134353838393339373631363632626265366531646434613364343530656234366530
66376332393836343564316562633234383564353465316130336465356430303234
