$ANSIBLE_VAULT;1.1;AES256
30376334323137376537306430313133363863613463353964666238626537363031366665346636
3131303736643033333064663836633265363637393537610a376531363735363261303438656438
62373330343830373363333934366564623763643730366137376364356463653838303539623563
3630653637363035390a663730363135633231323030333437313535323636363134666331623131
65326565613836653335366433653330393866363066666436323338323138363864383630623865
34626330363634383263346238666161633031646136636332386162353863343838373631653434
39363238623363343965396235623035313135373738333330663832343935383831316637623134
63396333653662633636353737616263303034656164666664356461303262656339343733636638
34303330363531646563343765353138613630653361386163663963313732373133613732653736
30633065343861613130303633316261613631323032306537333333633334303533636661643065
62623331373165643238633137346263666134316366366662313239336136383061323631373062
31663961643561393539656338323266633163326339373063643535316534363937626536636531
64663033626530313837373835343836376231353737356565343336616437653437376564666532
65323635333031663063323839356539396237643935636139323233343332613934303534623630
35376439653565613534303937353030303335613063613232613035383962663633323539313138
39313937626361343033653130326430356531633633366136663336626535323038366534326531
39666364616264623035633666373961306464336139386331643866626661356463336465353430
65663361616366656631636164613361613162353661623731343539326665656161663161643834
33333066333463343333316336633738626639373737353562623730303965656632643765353339
62386261343163393137396264396533666436316531396165373766353564396433306537636436
65663339653663643633306631623236396463396534623566343237663730313133343237346234
35363139623235306563653964303038613263346564323165366532313064663562353734343231
39373139353033373864303366386333393936383530656233393733666638303663306338636462
32343337396362636363663764376163303132616535653763643338656461336362346630383663
31363666363662363237643135643864353032393465633935343039623563376561316339303236
62343433343235623139623331353766313430643730323238356430336562666333633533386138
63363439663538383631336330613036373738653332646564313730633339373434316366633630
35393839376333393130353738323531393631613462336466383662623665636235656434626132
38613630623338646439313561646332333037653966396234616662356264663762633630666231
33343139623739373464353430626531343436326634363533326538333630396362363266393637
64353536333566636161303639613334343330336662666538346236666334636235636364336566
63666464353136346136643766383933396462343831366164393365383162363764366464333632
34313862353763353864663736613930303737316632353866306462363263383765356530373231
31616432663538316136393865626264633034646461633833613363343965383439383165663761
30353362666332646433613336306539636135626637646161306164316662646365653432653065
34623238373362643939373061666338666266393737386635623766316439366463326331633861
36646565393661633130303663363966623666396661633230653663613839613736306166363038
30303065373937633966396366326364383261363635656535613737623334376162623865323464
37316263313537333634343232613665653732613538313562396333353238663934653538623537
39336665396138346439373238356539613533326438313537323732663036643130303737303931
38353834363062653762613666326434616137656539323963346564623437653761623364326633
36323133663362316161386532336137666330643239316533363363303862333336383630633135
38313566396131323037393731323734326363646239306532643037633233383239623530643065
38356561383939303033313036613134636539316335373263333261623539393465623938386134
61643430386134323135393939363134613534353634613732613261376666643536343863323339
37343638643961663163643237353139393564313765326330306234396533373966306562633663
39353663666465353935333864623834333665636564323064663836643964303338346635353366
38323433333235613564333430323430646262656662626264376233633561316164336361623838
33333738333666646334633230366664643831306437633230306637316266633565666432656361
62643339333735333165343237303531633735313332376165626364343738616366616261383937
33643835666565303635356533313662623966323833633965666566316134623066623566313533
66333837653435373934346164383236303536626362663833623136376633633265623963303431
39626336346636386362356265393166303331356663376337613463623830623366656132656637
65656662393162623066393535303862616532616261326437363636643833393635303962386662
63373264323232373862333965303265636165653537333263646465373666383932303363353934
61316263383339343030623232383233616236303334616566396230383364623863663331343861
63643062366138613135646466303464393934306432626530313066663633633561346565656539
63343337343134623536393434613230323030633462323833303339313362336363376437366633
64356537376537623133633931383131393666633930353465306666633232336439353534386161
63643734346130353730356330356263626365303739613165663261633161316131393032313565
65343433333930636237623031633539323264386431313438333435306631336431323034343532
36646130636164663634646138656664376464626264636437663966333036646431373363353061
66356461346436306163303666646339393937346461393661646138313232323234376338656364
35613039336666666335396430626437323533623264306263363165303966663130396161656434
63323134663063303263353235663363646232616266653638333662393736313432313338643139
31653231623865633034393835393963346337613334313636636638653733626530663762613836
32313938383238366339636365353934636337343038646238386334623661363035396634323463
63333638346635646436356362613566623639326363653833326237373263323934663434333632
39373266356662393063623463363666613264626238303563393232663532333436303731323831
32333536376264396335633936396166623366616136346563383339646535316236333539646463
64336335373034306134636163643239633736626631316366613632303531633535306162643036
30383438393165346233633433336337383930653063306233396431343730323162386364376266
35303039663234643565616533393465613331333763643833383865663462363765393961323536
32356463343838303561306161643136393966646338623062353932633732343237653337653161
61326437323535383633353334386562393361613631656261666332336339646639303962616533
63336432376539373262353766633362393830323365373439663864646535383035333630306562
66643835376135373131313130633737366431303038636166316464363539323438343830643063
63353532663666663962383139363739323663323464646264363337306462343531363934613435
33313230396636343539613262336239646437363431383533303934366131636663653163323332
65343034323261623738633161636262666132633930363466383866356232363264303030353534
34613833343063306262303734386665303638333964633131366138316261303730363837353633
34376162626437323830646561343535636262306363333038326132306264363036643666636230
64633464396231633439303533313166386662303234393131393231366536383162363933333431
37373462316634313131316465626237393465663535613734323666373666353065333037653562
34313962646534656333666534393735306334663732333535653635343563653837623530616333
30356163663737623232376366323736396464663739333437346664376438393364653234346432
38363666303836363638336432356134373739323634363562636138663438396464343538633861
64336537346631353231616330646536393233663536633734396330613838613462663538633863
38626633613532643331326663313739373533333132663732393934323738346232
