$ANSIBLE_VAULT;1.1;AES256
32643861333065306235383761346639656236316132636232633731363939333965646231613832
6136316363623133653531643737316232636438653638320a356431366564363761653436303563
32333036326166383662323430316632383162636265623062323732663730303932366235356632
6430653861333166340a663762653837643565643432623961633939613661383939613063373239
32303361383238633533383534646465306538636536316634313131313431323963643035666162
65386234653862343430613839356538653262633335333435393566303131653337373033663838
64396130633335366661653865323738636266353830353237366339393065383938626163623539
39376463646361643230383436613336336661303835303465363962313134316562653264383965
34393165646439323965363233383630323064653430356133316565636566636663656664386162
66333565663864303835633837326234316631366464383464356562373461633262376133323866
32306565613538396334363864626132326333353134343364616666636362383866343138316135
37343163343333653062653265653433383432376331353534313739353530353963336530393931
33373331623037383766663234316533643762323436323438306563353263613834306338353132
64303138373837613437633236363638616463333737383939383033303765383162306637663434
35633465323134373738613732376233353138326365363734306130663364333561303533653239
33636431363230623130613961643533623536656236633235616665636565313865356531633734
65363864613634313534393435343463353338303861336139336138373138336266636336356132
62623439326633313532333763633931313433353737636163643531383839333433393533666631
66663366636231333863666561356164313936303364326664366234343465373535333263613930
35326239303562626630613063663333356633393361616161663732353462623465663136363135
65323731346637356231663662663162393031393635386439643538356430313463323035646133
32343463343133313763386533363966393864346238393534323734306334626263363232616236
62613630353432646433353866613235616539323263376431626335616533336131666439336464
65366231623831303438366661653166626535346238323332363435303836383265663862393764
33396563363961393462306362383738633861393131626166613834656135326462633562663938
65393861373363636233636539613032633339353165623261666262353466343037316331646666
31623031633864333734343230396439353731306436653834353439303339626531356536383932
36326439303130646231316636303165353264353230383765353537343631336432653762303430
38616363343365653563303263393534636334666335626432666436323236346634646163313333
61353837303766303238653762366363343231393932663864373134663333636364383636366432
34323438323031303031366234616664646566646262633961386333623666633537633334343339
62303766303837316139376537363533393738333764653133643538393631616631396263353462
38386534303838323336366530363766623832373334633239663730316535653534333537323739
62313734616564663166643562306631303764326639663234363730326361616165656165353539
37356130343736326630376266646565366566346530346536633736613430623563623836656130
63373063623762633565646437643438623731346431363563633661303438333337653062626463
37373431646237333230363963663332386162366633323437633965613239303861326530343337
63633562623830363763363832663532323131663162666338616164323030343634383063336165
33383866653736366134353966623861373238376665353634343166616263633663306436633539
65313232303731303666626130623532646332363637633734333932653137303763616539666533
64306536633131396464303533643362363366323532613235616337343139323633356164613639
38613962316362346430373064353433626635356539383763616434393632663161383362393936
32386666616133643332343766326361643230376564326632616231333539373639313063623837
30303531393733666632626232653166346330396130646238353733666632326130306539643035
62643339616331663265303032666461633661623837383836623330636330383239653965643162
30383332316131316564313061363765366236393434346266346635383764393530376134396166
64313762336531653535353436306336376366643236313266623532393034636231616538633039
65636665316333626365393834633463663362666665333532613061373131306537346139623132
63623431343830613838376166633061626438663235373766613039386630303834623330613135
33333361393635303439313962323165633531613733343363396335396161643665636135373432
31663630666539623731363037333036306139353433633739376465393761353330396639656363
64313933666334303566383835336163646638326633393031323134313031663936383939343230
35343336386131336533376263613734666163353839346338643764666630613764393337343634
65393930643065366237633763316165656636323930383161306433333632643061663939383032
33363237343666326465326165663361373734376231313930643036663561376566646666633132
34653835326432333835373663366430333964633561623030356530353334343131613832356533
37333730343533396134326234666435353937343932393064373233643836383633613039666131
64393763323561613531316533373766623536316137656662653561303631323132343831326531
33336563306465346662643266643838323636373839633465326536386530666464663066343030
64653862353939626138633865653233633636656538326462316432306464613939313963653136
66343262623336376430343962386661613736663230633133636466353565616135313335383365
39636431373864313033313836306230343961383038333066313530653433336333343533346538
35363835313332333735343538623435306137633138336633373061653362326137316332653331
30316233393432383561366664333063336434316165343462376164373165356235326638363836
36333038313263613962353732346364303639326165326236646666626264313834326365613238
66626638343930353632333366363130316366383135303137663030353661643466323739323436
65366636326166373035316532663239313732383236653837333361393335333531393861396431
39623134663561626365303561373238393463666632643934313165346530643435363930363561
34316661363166353762303563386438633838656334303633366261333862386466626333616333
36626563376264323733356132663461313965613864323735313734633435393462303965353138
34326565393239303335386238326232633338326139323738363066323163663133366635383632
65333034626366363634366139623836643864636262616331336234326565323264626436316661
61363766323038333534336361343639616439396264663763373464343335396336666562356332
32323230653834653363623734626431646132323430363332613730643230376539656233643636
31343738666638386231373334626666343462346438636661653765623565626237633731333665
31653562326537313532623035633233613636656161313262353138396130323461626433383335
30383939313731623261643536653737623735393364373266653133303935373865653336663530
36383230346536626432323635316631353066653030353737396237396538643733313234386236
32663739393933653934393338363235383534336665633731336332636165653536613261363164
30373464666565613839643262353666636163386231346139363538333737393635643134386337
30346133343431633532363065316664316338333438666639303461313732633034373531313136
30623565303161613430376234636633313831386561386130636263623732303232313865663565
39373231623336383536343864393531643962393664396531303932373438353437363562653031
31313238636366343837343833316666633961383865326462323464626136323431323464636536
38393131333436316164373035356530643165336235306638613662343962366434633532343039
38343533376537363962366232396137326231613763393932626436356338343835376236316131
30376163383031663066623865636230323934653761613564393037353530623533356234353431
31663165303631326232366434633930316636373838303166633365633733366661623765323430
37623138343531306132303833613961303933356234386438356533396634316434
