$ANSIBLE_VAULT;1.1;AES256
62386530383333613837343837373738316337616633313366623636386130623063663863613033
3465373835363531396565356236663534653933343431310a323332333437653530396566626132
38623462613530383761363465323565323763643063373935626538646331366531653361363032
3966613063663030650a303536623862356436363532383462623064373530343335373737313966
38653534613663356238363964666364363936376166363262373163383064356262633733396232
62353761393035323438663666623033643839626666383561353431363830343464396361396530
38356430333930393434663734356461376439346564393964663334396130323736616637366464
66313562623765303135346662356431356538393438616532323066636339323965643132643561
65393037393836386130666363313538656438366535346564376163626238643330366135306438
32323538643661313539353537613937386664653733326466373766646335303230333033653962
65343231626462323234346331316462616136636438663635363731366663393330306363636564
36323939636530663866643539336364616234383362303331643535646336333537656438353437
36383333393464363366656661663162653863306233636431666138383830393761623632336434
35623832323961616636626166653833663232656237363635386533373964336637373832303532
62643561646339313233393432653161356161613431373566363036323133393539353539313934
30363430306266623035383838666235613733643964646264616137636430306234326364636663
64353932303932326662616537323962363430613538643830316366623831643538616139666135
63326464613765666239393061363434303633623233643835616134393366626536333964666562
64356663346537393139353066663936633835313362396634303364333130353738663964383564
61643634616164376337376637373130363937393866393233373933656539326365396666363936
37643864626261356636626131383366393862616330353231313830346365323837663661366362
30393765343766336332396666333262636136376630336565386135393033663764393132626662
31646134303132613664656238313139343365656463646532623766313934353933303137616466
31303161613761656438663537313463303737393865303766373438333562386434343466663936
63356238643034306330386439636134373936633461616430656135366338336136373132346463
36396365356136636334386430643031633766653066303465663538663633316361323937353865
38666439366136356433373039346135333832313037383838616465613331363738663331336562
31373933313361353362346562653538303338663133366431353832373033326564663063343331
62656235336531636361386336626166333834643136376436336139383236386635346132366138
64323438653861303838326664386161366665383031393561333534393163666539643634316363
34613134633339613733653563613231393836353164336530366266653633643638366231333764
62613662653138393838663939313865643061363566663732616138333934633239636435653234
32613964323663306131373534653438616235313565613238363831343764353465656636646132
39646238393634393563323132336135643664343262346631326338326638613030393330323663
31373936613231393932306134373639653437343338653466366261646366613938323238623665
63343232643132373830356533636335303565623764386162613030666434393664356162383162
38663937353365623965363935626134626561383366346130333830336364663830333830613439
38646233363533303731666335396531386463633437343866343864396463346233373335313734
66336162363639623261656630653134666331656639346239613635383237396632343566633163
34373964366637353438316331623262653431313161616266663637336336393061323630306431
64303831646363346366636231656433363063333564343534386166643630643863396264646635
62376161396264383961383063653933663536633838626330636533663734663963313636383839
66303939323637363031636130633536666232323332363131383865356363303332363461656364
65353661393663646661303031333936306135633462386464613065353866666265343763643537
39646638326435663036626538356465313339333562623331343332313366663664306364623231
31616632393961306239306438666537346362353734633839323865323235323230623462353330
39386262636263643366643730373532323264373932326230323535616237313665396437346331
63643235663964326234386263636463303334623063633936333261616635666139386535653636
38373739346332303263306435316238356536333039616264646530363731336564633764303963
62306632633566393734373166383831656363353663393366386265326366656261393935386133
34313262633739326538373265373666626434666136343863653039323964393266386438643561
65363666623962323863323430316564353635653435383866363435656638386239316336656535
64373635306435643338623463313436393165396266393331366265333363363065393435346261
30346138396465363133386635323738303538653637663833366364313562653161303438376431
30633461333631373866613238313331343532353665363234653463356165333932326130616230
34656438383037623631643361386538333164333636626463313433666164303662623838313363
66393938333137656436643161363964303937393661383134623565326435626133313761623932
34623730386430306462313934663561353366373964393230393736366161383263303862656639
63343833666438393931633036613339663535323030346138643064303561643530643532653564
30323632316436623032346166303237656638366532333265623731383130373433353533396561
38383833346336616365393230343834623038343030356338306332356339653433383961313134
62653238326633363130633430373965623662663637656164396637353732303431663434313531
37393139613063353166303764396336383633653366306266333133623034643165656337306666
33333938623663343531383530373762663463656536333765386231323139366364656661613833
64303537393966613533616232353032323361343666373630633365383561323337383338393537
34626532653634656438353061303339376630316361373437363137626538333536323263306436
36306664323931323163343934386133396161303263623664383730396639343439636331633537
36373430333762303066366436313465323735326531363533303031336339656438643363626439
32393733613833653836356538353763643835336565663036333633396565323839646332616133
34396564323861666332326132313362366666373566666138613062393261613365306339613335
33303338393062393566363739316135306533316364386662326633316562636430333232633433
66333038613639613239343038653662633563303534616532643535633239656231613964333435
64396263666333393166646432343539316432663561373263646261373134366339623536646434
38346263323064343231356631393039363561393461626361626165316334303831383434396337
38376662303638626432343864653731353863313333333761666162376232383430663836356664
64373064363033363766386665643636316339303764353031386663366234666236313763653364
32346463383231353533656161376433363461626262373531316330636264346464343964623332
34393138613235383538626534623233656538643936326164393832623533613638643738396562
32616337636635326630316435613237643036323635353165303361303330636364623961393362
65363163663637313866333730393164323061343330353165656131326536356662393464393939
32623535396537306133333462333933633735626561653133313466386661396232323161303636
36613532303439323936666636393734383537323565323861313364653736353839316662396135
37613030303263366432366539663635356663393139363837343762383330343364373833653835
30626533336537633933653766633130373736356133353134353630316462623239623730313339
65646231303636626436643731383934613030633336333336666235366139353631343062356463
63303131306363656439623365313030656235646431373434613534306234383230623731646366
64356365343763343438393734303763636534633263656636623834633563613034376563336462
65623663663831336238366133396138323063313833363361393934333232356634353931633966
65666236613463383561356365626435346462653864323263353339393961396464
