$ANSIBLE_VAULT;1.1;AES256
38663530363436363066393866343233393263356563343939363333353436373938343431343830
3330626561383363313832656137383962376136623064660a396530393032356332623531653565
35316262636138616361646136663266303966643335363639636164363166613562326636656138
6137666666313530380a353538373230363238646337653065336636313138636332396661303930
37623865646566623633316634343033383934663137656264326663336164333561353436363437
65363030396465343266343631363064613931346434363131643462343063626539373839656131
35663833386361323730383661366631643065336436326363633332316130363761306530656439
34386138356462356336303763313661643036313163343163323937356162376664626436383631
32393165643063333632636565306365323366366163383039633363396263663666626236386235
66626164313638313230386461323935306366656134633639303737346337383565313031386638
64383231306365303432333136303365356364333837323633366432386434373039333039393436
66636434646266343932643931306435623632303637613434346532613566636465636438343434
34613362333234353437373164616165623038343165643963636339396436646566323735303737
65336230303032346338393135653162336564643830653564643265303963326465383937626435
31643862383835393833633137376531626561613335356466313431346463393632313164373862
30393534633838383734383730626237393439373631386566653762353736383064653333333736
31656466383630353136653963613865623766646162613065666137636465333930626138363434
63643962333635663536386238303963343465316266613762353961653532366365376431343333
65646564396238366537343135313662393662653538353862353263333638386163363333373239
63666132623666613638326566396231346666313662613266616536386162653434323363646132
61613836616534623965333532643562656462613063613162363637323336626437376232663763
30356465336264306465646238643162373362323865646231386436346436363365653134666132
39363764643531313665653163326235373837646339616534383965346130376466663639636666
62656636633632666165366239306431643333386264333136396563333132306134356261653632
33633166643265613361386661633436306130313432376631313261623735666564613937316262
65633831666537326463323735333965386664343530363837386461653731623135333536343439
39303737623832643935316664616261613633333632393232313232333032303134616239346439
37636361656366313966653331306362386335646263353737383166373239633761396266363066
63303336646631363131343036326666363561633736333765373435333337326566643163666335
63353961363032393039346362356666313331613738323461323637306463363834396531633063
66646336353463613061656134666562653136313066383832643431663934626264353962333266
65383234616331376361626361636331663838623237656339643239396133343839356332363363
63306135333337353534316262396137316434653938383134343234393439666434343331396339
31326366323637346131633537636534633664376638643834316239316163633364356239633164
62396563396339623761326131653662386233346635363032323732656566643632363639633163
36376435336334633938373765386432383130623037343464633235303563663932333430303138
39373939396139666134643930386636653734333835663535653336653166663933353861646639
61613065626138646131656266333834323733336561393137303235623464356434326366383766
35643736656464373863326332656366393236333035616662633337396334333461366132663639
62666565643838366130343437306462363166646566376139323839343365333863383662343639
64373134333632646130396538336134373230666466356661363962623637313831363738366239
35306339323461393861353964396238363338353763313462623438323331303161613330643931
33343738636631323235353963336236376232363139656263616362626334373630393564633564
65336333653039666435343835656338616631346630613464623833663431306135396466386634
34643236366363323038613837613934646164376532363731333535376239643362663966626563
36363065393431366664333461366566303465336661396631386539346263316337393030326464
32663063333434333732303263303163336433303430613861323765326662373530363435343866
66663636313862653031663732356564636630323735343861643262626231343932633661363966
34353638373066643264383266323464313436643539353634636261346333356239383961356431
38306364333964613932643865656131356432383535633063663239353963656330633035363731
37623239613966623035343365653031313439313038663962323935666162616365633138646631
31303663336263333161396234643866613764663262613730616339363366313437663532326437
39346239326662663564373634663366623730373730343265346238376437316430353662333338
61333239373965613363363935396431626338666264663165323232666265386565303965316630
37383565643962643031316539396133346230313233333435346338663566623162303731346239
65386638623136336635643334343530303735643335383834336265373966323737383866373163
35653464383330616362646461656137363730613338643036653435343566626261333833376539
62386463646634633431646538393665313132633061633337383239613038373830636435633739
32343236643832313233323462653362316666306631616138366334343838316639333663636430
65623264636432633261313666646538323163356337613162353464306561633765393837336566
63613238373631656537363535663636343265666536353266653038623665656263303537643133
65323364313064613865633736393038316363616432666538343064616566363137653437346236
30363337336563623731336532343734633965643932333633623630356364303239663732336665
61303134663934666237616133383133613162396261373333363762653766396231316336303231
33343030613866613939393663386466653466383638386333373738663431323632646635386634
64326336326337623932326239626532356333303865666364623766323436623337386164346561
62363134653663636631323937356239346661656239313035346165663334313735363165356133
66663335343932323134303663363831623731386237303430316166373065643462306238663962
38616135613166616562373439633239643666626561383466333662613631393532383466636166
32646634616265646661356133653264643537313562303535663034396632666365356463316534
63666637653332386133643266373435346365353562633933643661396566663966666537346561
31303433393164653763336339616566373165356431366533356461613733303033343965333231
65313761356234343439623630343465653435656434323037353830636465626534353761623535
37356639306534336365646439653762303637393965386335396334306631626665666238653230
33623938623831343064633638323537383338633939353337336166666161356338323834376636
32366538636230386462663333626665353664623431633164316565313932623363376330613463
61393531373562653761613066346164373437653738663433623833633431366430333936616537
38326535343164376634653265333332633364376464373730313038373230666663643133396536
33643630303330323766633632663362663831633564623963323265316165316434313439396535
33633336356562616563613863646464646162343934316531353664313334336437636264353062
37383834633435363830616235303133383262313630386135653838663362666334376235633335
33353562303763396433653163323031666134626363313132326166613737326265656666316336
33386463663739353761643961396434323964303036363135383230396665393464656134316632
38636265323633643964393233663730386230383036313564653137613737653666393030393930
39363361666639363065363536383033633834626331323139386561643231636538643666363666
32333764313634363035333034393936316532646561613566633439396362396438386362653261
63326436306433376665343138623165653538666664636439343633663665393463316463393262
31626334663239663935333339646133313264623864313761363839663933613864326639333134
37376263363561663564366439316135636465626338376565376430653236333864
