$ANSIBLE_VAULT;1.1;AES256
30356631306133353233333365353232383461353736393137346461303638326466383562343232
3535313334316164363162386363363635366366373232300a666463353661363463646666643333
61353739323432333530626262373533656433346366306435373039396366613162326239663031
6431336336333832300a356531643162373631303835333639383165303139306430326265616464
31303563386364393832306232396233306165613864633161653135646265363233303665323764
62613335336261346131343837616432303366353131383836396566363430613530326431653437
31373737396435343136643566356636376163653431643361366237323935346130373932653139
30363934616265363766623561333834393965373737613530663366343434643836383239633363
34376333653766386563666661656130366531343035373031383662613532363464333032346533
64313063383565613566616535326665633339323864653138303032373464643537363035396532
30346634633330613031636666636338616635356236643836356565306536353362633263663231
39613139386136666164323661626538633234646231363362616533353631303862353836313664
35653264383661373932353061626434356331313966343239663861346139376162653731353064
30343634383865656530613537333036656339356430366265386230363630343565656239336537
38626661366538656539313161653830613733636564393834623663613036366339656339323965
33343066656637653535386435383863313165326365396430643636653736666131626236346535
37613862333030643730363130333235363434313562656337333233383835363037623563633337
30623637666163333733613238356536313265346362343633376261373037316533623336366339
33363232353366313364636463336230323739646364383336333762363032326332343337636462
32323839613062333963363464343666396135383132636436343635373438306635636463633362
37616663373638363435653638303839316330353731303331386533383033633164356133393863
30633431656365356263383663636463373363626232393561373436336439333035643332333866
34633932353863363263323134363863623130313831386134633564623030333134633232633961
36663238623335316431356330393038616463383362653333636237613739313134333438363538
66636234313634343735326231656230353437613530613331616532373861343566373238663937
33356533353165373638653033386366666330613762656634343965383732363736613333633836
31356239666335366638633134316163313836306630383862373133373364323365323636643862
64616638653765623562383964366464363635656661313266616364326232646262656562636263
34366562313861336437303234316537316338373265626465623030353531323937393134373465
38373762303939656464653135353664643639333064386130613933303838333439396165323034
65303563323966646537306566653939656135663530396235363833613537356563626139663235
30393233636165363135663139663566356464613065623136343338386364313434303765366364
37306264636538646465633131313730316537656361336466376335643837613032646535376532
63663839663635633934386438376565313139353035633733303161303364613735316266383662
30616237393962313233663263623731616633393837313666656531376235323933643936346439
61323336653764633636663261376161663938366136343036333764633539616338626636356363
34313961636666323332366437343564626264306430643233643266633030303461326530663038
66383630333633333361636263333462616436613038393737366631653662653264663435643934
35623430353063643632333266343563393336323262383366333561363539323636303266646635
36303066626134656461666462353634366138313335383636326663653862316536613635626163
39626439613061336161643765653261623130373862363466313235343132323937376565343135
32383464633464353133646133663362356266643036646539376563313135623139663930313462
36656539643037663830616337313137396131653864383061613238343162646338396665623262
36633563376533323265623232373863333536633464366565353038646666353535306261626662
62303239303139373639313438386533643361376566353837343761663636613333316664616362
37326163613866666338316334343665633739393165636133306532613361336664356262356461
37353062306135306633306631363836663437626263343265633133323234653535633632336337
36656466363236623837313562313061643466643434623832383330376138393764663562363439
39333461346131643533663266346637636433303762653265653466666566316235363230333566
31313138653530666638643932333939653434623533633362303233353631656534663331393366
39396364323233656537396636633439333438333839656136396531333161613932373366613264
36363862333033653465613131353532643436373935336366313938376238363534613033646662
30363661636437326165623265383238643232316434396438626466626337383639643363383862
34386261336432313633326338336436313238303035383237336537643739653633396435643038
30373731633062313839353766346662643739666366373763643235326263636530356637393236
34613038313737623234333463396365626235306338643461636562353035313033626430353039
34663066323230346164653563646634636338636365653962303863633330373633323834303133
33303562383730383731663730616231616361333466623237313166623933616161303437656536
38383065333139393063363466343565646139626661386431326530306462303939616363366437
66373433663238376166323337313462386132346632373564376266636133633632653361636366
62653832356330393735326366363763323466353631333839376635376237396431613835323366
30643730633166666232663163633662393139373631373464386636373461653263653431616636
62316434663639393739303866376363623839383532303837326237313238386536613062616531
64623431343065356639663462313362663965333661383631343330633336373666653861663036
33333866336539633966643438623962323662363534633137616133666439383063346262363837
64303332613434326132303438323965386238376331346633343636303438643930343766336562
37373963366437316638393536653139313736353731376539323165636166346435393362643562
37346437343233353534343637303036366665623661633361356666393937663665373139346333
62656239633035386431306465656435383939643261623362356139343839363961616431393231
65396463303564613431663731316134303263663461313031363064353739633365343064613439
39633065353962653132333334323130326662366235306130613766343531356661613630326432
61303832333663613466336562623762336234333433656135393464356635323435336337306665
31646332363135633862623166346661343438396530613134343764616663643061623463396635
63333562636663373866623734356265323039376563633139636530343336303864376637316464
64343033393135313938323930616530333338613063643736653339363261633566393238626332
33303365363064663030656464366531316235636635613866626465396563613036653537316562
61353264316662303934656235353137626639343566386236326239363832653239346162303366
31646637326336646663393336393465653464616437363561643064303630666636636132386438
35343032386430326366373763663865303436396639616366386630623566633035326437653564
33356330633062383436346635303661326332356135306432333233663637396630653064613738
32376533376637636537343133373664313265353430626230633936613331656136373637396535
36366639313562323264323432353162353664653766663338316631643934376631353635393034
61336131363635353264386530636563653663393061623466363533383636323331343334663435
33633933373139646335326339616634386338353664643036633465613730366436613830646439
63323361333939356239393939646561613166346531366264323336626463323934313562323536
33303766643564323763663531393734613561653364626231613736656663653966363331333136
34353366643336656664313462643331386164326533326337346336313730306137323163616333
30303866356331306631313934386134303238393664343338306165346531653665376539306132
39353031626234623038373734383965393538636231313864333238373733663564
