$ANSIBLE_VAULT;1.1;AES256
64623865663633383566373762643763653431353939633635376534396639346462366436393632
3463333731626435666663613235613433613239636435380a633363333335653764373134623334
37616633396530646636653564343031623061313939316536386138396232353332376438303133
3566363439633436340a366430663936663765656534373630363663313734613231306138643565
61386134383566383032353330663133343431663932373035353230363138623339663063333265
64633834326331313663613532613133303161656230656135623062386563303664363431386465
65646534336533373233353032313435313266383662313965336639343532326439623664626531
65653665353533623136323164363730373565353435396361383964333462396234323062363661
32633035343462343133353164333137623338343666313235643131633635333762393262343964
39623638633539336361376333613139643963626161616239636339626563346662376333333562
64363636333664613937643661336663376464666663316536643838613662626632633433303365
66663135623331383131316433633632356265643062636264616433383166646266373335303830
62616564626563633761393663323437386563316565633735386566303365386562363832353366
34373165663231306262376265363130333931633061626339643431643662396331363137396334
66653537623032383964626163646631313261393164353435653465623439666433396633653839
30373135326162303866316465333037303638396438653630613263366565653165363038346231
33396439373435663739356535373832383564366131323464353161343837363265643833623430
31623138356631353639623666633331343233376330353038646231386237623762636437313939
30336161656464356664323263396438306262323764366265396166666566303631633537623366
32623930616532396135646163363035656563643536646563366361326335316563653262623036
35383761373536383362623935653765633465376235326634326433363366633634626665386666
35396661346265613834303335386330346266323039623565643462386535653830353264353462
64346363363165366238376531663465313662613435346337626564373066643537393162643565
66356436636636623166356366633064313435303361343165613939393463636230656139306431
39346264333636333139356334396561363164663130383833356239313039396636646564376538
30633337356266343537363332666361323336353963356262613033363762653264393333313062
66396433313961626466383933393562396265626233393630373033303032386236323563353364
34616138346334373339666439366536646234333333383865303765383334353935646134663736
37663137613631313632303633333730643263626630323136376236353462663162626333663031
39633734376461633638666138613063333934313038633239643737363633306363376264613933
30666261326365326536626162356338316164353162313837363166663438656530393464376634
32363765636162616632636337396362646361643634643732353331333531343637613765303638
34616263383135353934323536396465316434633331383934373665643864656165363833656437
37393064393535393836613461373336316432373530613665396562663538336630353864326466
33323832643635316362636565383934636338363662373461663764623539613734303931636631
35633832633461636263373039386634373733626561343932373530316639373334316563366166
33656161653335333365396232336336653862616466623162353337653266633564306636653230
38383065316237303862626238646264386239393631616431386663316139653930313364303436
36386134323638313865313266356166373062623364646230393533666665343239306635626166
65626331663839396636343965376563373165643237636464346135383735393332626662323230
30626533343665626331326264356131333938393637323764666263343134313965373864303331
64326535373964623234363734623737646637636162646233386536323764396532643735326133
61316464663336643435343430336434343266623165316532333663376433643663613130316538
63383531616134653164636666353364643961386630623838373537353031626363663963303632
61633536613433386439356634303762633437663732346635633166313265316537383161626435
32386461663437636437303232666637396333343533333362343938316539306165323865306333
63323235383861656636316666643135663730376538393537666164663439303830373062323532
32386237373730386337323666633838666430363437623838366333346534353462663966353662
64636161636663336264653637623663363563623737383231396431613032323739663735653134
31666533613662613437386338623431656133306432353538356236616136303637656139333733
64343238383734663565636361303934316431353731636361373561363666386437383162626233
38643261613664666239613639396664383062373364666132353065313733313536656231316332
31623433336435383934386230376466666165386163303161366238616366316164633534386265
39303238376661643466613436356434373731323438613661303836386638653133346365376262
35623835313839666430323934613962393765653064626633633834326239336130393335343338
34386264373864386130393733313130373235396532356530373363303163333233326336386637
30393462353734393663343035313766363163346263363936663839346337643661653166613433
34653630336639326263306563313132623030336163666366383263396130373634656665613561
65353166326232343633343731396131663234306130313334383165393961633134356139623638
39666164306331373431643965366536326264656336643935363262643866363132333965656566
38363537363638646566393161383735303437336637303239646533613039393632663030636434
38356234626362333831363936613135343933646562343863396231306334393432396638653664
32653866623335323839356466346231343530643366333366396465343931353032356434633333
30643837653566366634633432613264303762366364663833646461623135383337376233316361
32616537303061353938393931656438396566613835383233383735383334386639643534353438
66663738643161363963653435656236336434616533653735363565373933393330653239663966
66623961623135363161373538333834393933663234363737633434643931373461313466386631
33346332646264633461366233353739623736386332323636623763616132313931613564366566
38343364643634373437363534373763643262613262353732373161626131353432613534666438
32613036643161353965626339313330326439303935616462616431653234316230343732613565
39393661376434396539303566633133353062653539663835313737623663653463616631383436
37356466373963626636323134383762396230343733646333303539663935326531393464313663
63386166633730396539383235313632313865353235326639323737366561636632316666643032
33613261656165653263376565616362623435393233623035613063643061666265643035373338
33626638363238393264316464393836333064346532613738633436636638356364393237356235
36643163353763383030396535376666646264336264616262336634663564646262363366623865
35373132663133363531326565373464666262643766396236383365343039633665323930383465
33323462353866366561396135613037343461383266633330333038633264623438656464306433
30323239343832656365386333373833636333363766306335353663656135383130303333353363
66643638366430646362396465636238376662333634356661623137356565366462373431623361
35313965616632663334323661633534643365343038666165306361333062373462633765366537
39313035343039343166366535653431633236303664333937336633636139636538323263356134
62663631633136376134656236383032366632633235306337643664366563383739663535353063
33623263363033316664326231656230373431393062316665343564343538303438616231643162
63663037326264633364343330356336626334303564306666383030323761656363323765343938
36626439646437626661383230376235346639346462303365643530393262383737306266346562
33633630313935383831323662616333366236353330653466643633323039373738313332613135
30396664306333626632633130663538393363376434633533306532663430393164303730613539
30356333316531366464643439383732643533326237323837386237656339323566
