$ANSIBLE_VAULT;1.1;AES256
62663233353336396533366331373965313562666561653462336166313962633033313032666435
6164613838373539633431633239633831643066626339660a303135663032653465376465656264
32373930656133313561386631666661336563343632643562643336663932323631303636626439
3134336461353836650a626562366661656230663561633665326230656464643033356537633137
36386663343138313865386462313761323239396432666637646263623833316632663634303234
65326564633766323339666438353734393437363765313934623266386135303135363136323833
30623539643265656663666332636365383834376433306663303362613933653739643037383163
63663462333632363064613363303633306136303635613039613365326438613034336365646366
39353935323864303031343563656131383930613864653564633431643334366131336264303965
38653233396138373664376531623766636262343337383534326232336266336433306463623832
63303064323831626463626564383235383735393864393334633033376334336332383333306239
31376633303338616362616330626463316237653931363462333863303662373761396435306530
32663561383438366130333862316433346138633538356663373039393737333735363063353537
34663330633933386531376137383833623862666562623039313837663061636633653064323537
66383835653662363831323862616139383663646434666135643964383639316437313564613635
33383539346433336431303938356333616530376237636634633931633233373439316663666563
66396235623230306565363534613238666238646161626535663535336437626362663934376463
39343634666235643639636339306563653864353032316536653266353032343062326637323033
62396361656365333562666232383038616139363763616266613463653037663939366664613636
66303863313330366636303330303835343062646166356336616339363334383536386633303236
66626665653038356238613031613830303466333563646635363666326530326431313461336165
32626632373235303032353064613266333231383932356538393030663836623330613562343136
31616533653136373339386234313261656535383864626231306636373636323365366333346263
36343433366434633432353739653363623334383330306538353337393465356666356531303964
66306364393438376330383239386339633762333738396637346233333238306334346630306231
66353134663238333338353237653863383532366464353830656430353661383035633030303564
63313230623239636264363131333432303534363837393030336333386235356162313632363664
66356165316433333033356636656234386631656237646164396230373534383765663766663230
37343337303965383066356134633238653462383163633235363961333039333562383961323165
32363636326239633361623132613031333039303138363165303134313664373133323437363839
31363664666336366439633063343336643561393538666662316663653862366536323930356664
30373039613230623833353039363861613735656661636235363532656363316136353134356530
36303861356635343666633433373234616166633435396263623861653738333335313835626561
33313534613066653137363261393434383334646433666565663130326139646531363439353662
30306561393233613233623833653735343162366261353034623735623634393932383762396166
64393832326334626235633064363964353162356661353139623631363666366531393362306434
63633061666464303563656162623961633637643239373539646533343130633461656134633234
30316430653830396636316439363966646665323035656565396231323430636561343564633238
34313436363764393332323961373266306635326232613461636261663430643439356261613732
35333639396436366439643633356131353434363165333331373034303165666133643733396437
33323061363539396133383065396637336363353237366432306362323166396464343765383462
36623935383535396134613161313434373464636134613539613831336361353438366435616663
34386337666366366361396338383130326536323837376261303463626162343335373638353533
64656534616330343665333830663833636231396331396139663664633264653965633436613433
39623136306539666635353536306662663439643435613366656164323634386131613339393439
65653161373931333935303264303463646636636231626464343664616138393736306233353335
35633936633736383161363237366631616439376561363861343131323866303030396430383332
35656165623364373737343837326636353539366531353135393833346163616332333765326133
65346232313437636638366432343537303066643662653833626139653533396361376139643937
31346463626637373166366663666666656133643666383939663031326166356335326136313966
36656261653065646335313832326364626631326539656235666434613339346535643465316461
33356138616463653166646561653134333861643965623830396163613634316130636334616562
66386636653561323034373235326564366164363162666665666338633737613236376231623064
32383036396439326364313065366236366239633230326436653165663534616639353362313536
36383439643830633261333365376235396431623233346632373833653635666330306634623865
30656130393266666137323130616465666333353232616235303233323335333731333830383233
31303665653661336462313365666432653766393338313066313238663730363133623836393234
35646237326534383439623933306365653933363239643139613230653261376665396234383662
34343663343739383035313835343733383062616538306162343265363731366433613336613762
35356432363965353033643431363432653438356333316234336634633362373132386362613461
65633132363763626132646137363339396639613631626431653430346161616436396161303832
37333530396537663136353635393236366334636166623030396139633633303938663236386637
31356161343065663866353238386236333538373033363732303766383536356437626237633631
33383835333830363736343964653361303632613662383561393234626231393933333030393363
36373131323838616164306638396462663565363333303231306636613138343737623033633665
37656566383533643435323565356134336336313235656563633230376263646233323065316639
65333465656135626662646362346662353763326562323030393764366365383836323963396136
62353439653935323437656439333461353164316162356565356331653731373234386564386364
39333533623539393037366361653036323266633633613830366161356137333661383164363333
66633166373630363832313330653361653235663263353364336135616632633734303761643330
65613666643033653035333333353631653034333936366264333730393338623963346238343638
31346334323262396430393131333831373361386637386365373632623834353439633937363561
64386333623439306634646338326262643561623166656337396338303034396233373637373638
38373331336266633937323131343666663462366133313532376233643261336265646263346239
35633962656634346163346366323261376636663265373534663566396266643261336363646337
36356331353138336265393837346238646239353364623338663263383763653230623766323233
34326639376661623235623836326132363730313961663366626564653462633866393436306433
62663432633530663664666130613134643938633337646162323436366231313731333738616230
34343465623234326562386665613833663262623331616538653330646133306638313930336363
38336566366265396664663738623738383332643333363533346334656533376561373033386530
33653333636466636165353631653764346432653462333939323733373466366362613938623837
63376161626236653131353730346562353836613164356636373438343139633037636135633132
32326338626665346462386563373032623236663137313761376638343062373961333565343265
63363631663535623135343233393666323832623636636633333936336265396163643036363034
39666339396437323832393930313736383838306235323235336338356635376532393064373462
34646331653039363461613765646634623261353035313439333963626436626533393136366133
37333530383462353962626661613434333636666231613361336434653361323762636631376338
35343731656366646166626562353830386537643831333536613136343336333032383933393933
34636230343031393434363662646335323462346636613230326537373134313934
