$ANSIBLE_VAULT;1.1;AES256
34613638366532656364653936373536626233363362306631656638326563306139313533636662
3265663637666435376236313562373863346433616239320a393335623134313339663433356534
38373837623638663933363438303264613766343235353462653338376532386234393566396461
6262373632353734300a343361326138663966653135383362323934613166333131346139396335
31336535306234363863663638613835633636366132653861616130333234636661373237336337
66623237643233653939663665383439646430393137663034666361663066626139303532376536
31376566656464356632613039383863633131323232333066363739343866356639353237663434
33343564363734393235633039616566646564626438356435656137626164356566623863653537
39666466666338326362353131396631313731386335303237373237636666333931383763656639
36386563373966653264323432336239393834373064396265626163633934376266666637376531
61383261306261623165303032643561383133616562373566353438393865313239323935343333
31376530313665626364383066366661363239323732396538313131373431663830626534356131
36626335326339326430316666633961353732363261316334663939316466383533663532343861
62633365353831393332353632313166616235326137643138666535396461396235356562336466
31396431643136343030396366653534393932316132616532623839323565333431623863643033
63323635613061336338353736616335613062313562643863373966333832633631363263626631
30383634373366663734613063623438663461366464353136303532336636623661363738313133
35613265333539663739663036343762313532653561636662656435373639653436303065623733
37333834653361383031356339636531353965306364366132303236323363653839393733343236
61373932343136323537306563393930356564666266613139393339383330653333303034623737
65396436353730373533346535613137336332336265663937383735313330346136643438303730
35316437613063323132326163633235646230316466383865653562633836376630343663616238
33623931616532666434313661646364333066393934646436393865656437643738653536303336
62643737666235613664613033663565373636613236666561303866663934373438353361333838
66373830356337633038376236626636396665343161303031376239363236363263623638376636
61636263326138346537643732353862376634623063383635643462353637316532333630623963
64633233656532303365356632623439653138376531666437343834613639616637613663323332
64396237653434336434333932333865613532343834393038616364386261623633336164643761
66376336656130316465646164616231646631613065376134326364663433323634323465663338
30656139306561653862393264633637323532363433336136363432303562326535343161313831
64396633616635646636313036353633653266623332316331613034346534623766666366373332
30623165333463383332396435343631653135653933626434353232303362313737346237316437
65646235633365306135643031393033316230666230346162363563643632653763363736333530
32306561363939303633386136656237373735323539393730643032626264376333353230643065
66326364393532643430353338383836303164633866326563323166396236623433336264333537
65363163363830666630313633303234633739396464376530376134363532373162303538386161
31636266326137353261316466333236653736333562613562333736616365383834613862613161
34666130636537666230386338323331366665616365326534333934333663336439666134376631
64386565316135396464393832346230353764326338663662366239653837376135396235316462
38383564643335646635633064353539363966623034623431383766363333306131663831326366
65383134316437636131303736623261343337663333373037663565656339626137353133663139
38623538373333353035393761303235343733663236393631383437323764383639326438363937
65333336666464383632346234613466623064386631303963373462653431626264616437303963
38393363386630333033376636666663326265356338623333303366626632376265386430373765
63383166666337383062343638663838633431316266653030376132663334383261373366613064
30636139363237653565616233376362623034393935633066636137653330663761373037303434
37336433623636306238623263373838336465323938616333343533333433643231623564346463
32303431623563636439323231306237643461386435346564353230333362343864613766396237
39653963623731313134343265623838303438396636353863383863653633383761613062663966
38376338333138623830343434653232306438633134373636383037636635643063663463663663
39396538323138306430663030323736306634626261616233626435376635363233396664303061
37643132353735613532636539323439396166333236323763653030653362393831643832323463
65316262353639366135363434383965313531666231373563303364333832306363333662316438
63386264623064333936303366653039376333373539313061623334356339333737633839386530
62623631343930643833306263363134393735366337326163636239333034633839656436656138
61643462313532663163383561303263383039373964333636633936346235303539366438376261
65613961353334326138333964623133666130323335323666303062353865613635623364663731
32633436336338376339646536353539353933323530393963366464343661356133636464633062
36303533343565373266343562393961373137653835316638613631636634313964663961383735
64383235386361386139336530306263373939616266626131666462616162363633396333363263
38313938353461643034363630323338666630343535323964653931666436623561343237613734
31336435373338336633633739326334303137343664303735356666656138636535666530346138
64333363386165326637323661613639373530623336653661326666633936386664663232303363
36353662633239353565646233303230616633663231636538623834333431626264643961613265
65336166343533663035386437303830623264623839393631643063316165363231626464396230
31396535373231373038396434373338626564353335356562306165393361326230376138313432
63393930333037386536656131656336336265343730356461306162303632623137396437353534
39303261313632303239396534633666613664303132653361623265363939633039363434656433
31613139633664346530656531646362343861356237643963663632663338323436323135623362
32623836343238343062653639616361626133626331646331346238376330353638663264363037
64323337356532323934343336356539386335646162313563386564393162653839366130343763
62663833376662313534653639346634336234653132346663643635616466306630646665646239
64633461313238316139376136383563393937633032303739333362373361353535616430343035
35316332343464353339646565316535393639616232366434363734643835393633353636303962
66306463393461616436613162396339653833626438353234336132623264666266386133396366
63393537626665333632336666396234353837633239653033663331393664633031343164343235
35633663343232363065653239366334396164373031666365373936313535356432366635336332
38303634643039323830353337313766663633633936343632343934336433303835306336303362
33393666656132336230623633393033333434663861363233393033363334323035626565333563
31633235393462656661393834633766633963386531366332643030376232326563306636366638
66666438346562666434623930343961626136393739386534666631336538326265306133366666
37623530623231383337353765666539393239343438613163636134303531643034303165663935
37656363643266356234666632316536386538323636306466633334353231633966343364396138
64343630346263613864643963613161393766333339633030353233366466333132316634393865
39346663306534633636653364303562306461393037313265336661636639333366306161656463
64613962663336636661373965626230666232383937316663316666613963363963646234613665
33303461363338613761313531643735393134626261316135383166326630356536356432396234
32646233346466333235373963346533346562393065616262376433656664663539356539393836
61373866643261316461346263326432383864353633383862306539303261383731
