$ANSIBLE_VAULT;1.1;AES256
64643963393538633763376366363133343466323166376535306664636263633165383831343165
3035383763306138393038633238646438643662616666330a303131393535323233653633666663
38303130656533323835326532313635626537346438336565393336323634376662393338373165
6138636261303730620a633230336637653134653635376335623635616337356232333462323836
63653937646137363339326230643161373162373865643362343861316664653136333963383030
30323666393761626664653666303032396537656338336430363562366165343735326362653061
31653438663738626139323530393263373436363039383463366230363363633161363838626235
63363832373461373461363366303265623139313166303766386265333961313563393637656564
30633964386330376334343532313264393935316561336265396564316331303335383866633032
38306431663432653832343337646162643663373036366635633837656330313035373865313161
30333265303265343135313635656435313063633361653431306436363338636634333531386337
65376430363531326436353632616565663463323430393731353032643932623766376237646631
66666663646339316336316162626130663065333865373133363862626436343231383530343734
30663164363665323432653939353561396136366630313434313734306164383739666163653632
32393731633862346633363963626637643964326139336266613135343034653264633032613332
63323535323733333431336435656532313033376366346138633835346636613330323866393863
65636261656238323766653234663664646336303837343335643765376366663031613262353263
38373131306630623237373039303933383662303232346632323031633361623635363234373939
32616330383266663164383239306266646535306364306339366132633531663361373438633531
32616338353266373832303138323539396265646365353364636237653134393563663265636237
34356136643431383163346165316161323064306161316535653363613634653334353865363663
63623261376332363038373365386139353337333535393861383437663964306662346234626337
66313630663932366630663435313434396561356666633232383033643733653961303233626432
34323565363766363534366264393139373030623235373434336266663934393332643865376430
61626638636337306138643437613439383761313666636161653932393236616534333937353630
36376463393064623333613264626633356433326631336561356162373662356562306162633465
39636632643063663638663730353731383830303938323762396561656533646630346231643465
61343137383234316638326535663263376235376233663533613738376562643930373865633533
32343464383939386537343730323433383330636566623835633234373862323466623334303337
64393463666432346336626138343938346462626138656131386230386237393965653462613062
36626263323738376638663261656638626634616236643434353263623331363133366230666433
65636464383034656539376435376236366165633765653166323630653635306531666432643931
39616337323331313961343337663762353334376638653764353837656331376566396433326161
66653639306164383464313966306438636236363634613933386230363261386231313761636161
31376332646264303831356637303238303265393035336665303135326664353337376531643833
36633361303763343030323539633535356262333433343865636332376266363730316165303466
63323766613938366232613537353735623530656133373031623561323165383166343463353338
65626639333338386330623661666635326664343662616262653661656231623830613731643531
37396665663836343166336433386236343564316534616334336539353464613932343939306162
33636266343665633630646134656332666236396565393739333266336264366363343534303935
33336262666636386562396136666365353932653533353061663062643031396365386431363261
61396234646131613337643236633031626165666431393964373134336532633634643166323532
38393736623035613463386430653331393262373738313532333230383230396634393763383230
62333561323863393863333530356162333736353139363762643436396538303662653862653930
33313035346162376364333134366335373262376532373633653664623862643239333031366334
32383130643431626531376465366530386338633030303862346463303361363133386162373864
34376332613532623064643261363764373665636262316239613132643764333930646364626365
33383936393231346232356534366135623437393763643531636431316634663031353266626664
33393935613561636466383538656539366531663834343964393738386135636632383965653030
36353763666165353935366237333936373162326236623335323635326562653735336335616362
38636338306265613832373335383864383130306437643435333030333131623564623761346165
30663132393832313661393063613064626462306530333635323739386238326266376433303964
39653461623832656165303031653664356439313537393966363735353334323934653230376635
64656362303135343738393365383137393862363930383066646664646238623164653966653137
61666162303066353262653235643234306162613166643833366530393931656237646666616265
33326137333263623365396130393437396239316633653636356162643762636665376533323936
35656464646536396538396432333733366130393663346531303139636339313234663330633935
31666462613266386264346235303738633436353730346661376637626530353032646236626463
62303235306537363366326664613062336161643937613836386537656330333432656664623139
62346139393039623564633763646366656435623161646364353432663837343135353132626363
30303561363933366161623764383934396666626366353432653062396533326164643430643561
35376663663138366531393563383361363734326638666136633364376139626135616661313038
34623339666264383439643532643831383366633466396432393638306533643762383434376263
35373030333636336234663539353037373631396261643635356231646431373935633439366131
64333338343139346562663864623065336565643463333238626561393638396261306231636339
36356164333261353137353335373461353364336361333262333564373465613765633336663561
64633531353765346136386332333265326339346538653566613832396466333961616635323438
33616431616261306538623933393261616433643866653261373032353738303664313038666665
35343631633238643832396132653363643737666361613664386466663730383161626335346135
35646138666536653963663532363232626434636430323664386532353961313039363632646634
30626161343835353063373963626230636631656365306234336433626261313863663231353966
31613035383037356466383537313434383632656365386263346231623235663365326133363830
34303337643962646631386534333463323331663263646333356231363461336233666630373065
65333566356163353262623837393065303361643938626130306130346663653138643931663566
39663663333737366565626432636365393663646438666532646431623632366665356336613435
33623266366463393139346337633061633735333939613164346334643065313230326237346261
32373962656333396635376234343439343032623061303930643961313137316132363831346534
63373933616663366530336464633039386538393562373465323661643136323166333363333262
34346136363238353663626333373561616563373533363939626463626462653763313234313331
35616537353433646161616661376334373566333161333462626263336137386361316439623634
66323936663966633733656161336364636431323832373931663036626363373833623930613062
66333966666238393262306335326633373063346631343437393934373764346561363837623830
38323637386634316466633766643831643735333635646238616532643433343264333663653938
63376136396266336562656539386263383430366365333232613738363661353261646633656332
64323262663535336361346666373065326539316633396334373136616365613831636137323035
61366339323863643065356534393432333961626462386136316662356137663764363864623566
34653762313364323464623164376436616134623332663363333062306265326435356165356235
37323833343436613336306335363764326130306237396365613635393834303134376466313332
30393161313634616431323735333365663137306262633236393333613937346665
