$ANSIBLE_VAULT;1.1;AES256
31643839316233396362346534366538636330396539333133396132373235383636316562386565
3662656462353539353836393333626439646239343935330a663239656466663639346262613365
61613463333137346664343532313763616134346265376530633638663331373164313433343764
6131636235353164310a373661396538336365666135643639343263336662653036346333363961
64613737643332363836383636623765666262303165323262616363336633643336326136636135
39613735336336376433373436373463323339356362393066343731386336306537326538613264
35613361633139303633326536306438616433313865663031643037363734326132373132633836
37383831616535366332363962643938626135656638316338633163306366616139313538333634
33383032373331623831373834656565616562383932656530353463653963373431646261616139
63343938366264333163663934666534643433623635646262356637323063313335623136373165
38373835373735396534623465333337633339366536303863353331303762646334633861663338
65396263383662316235643737306461366235393265616135646531323239633436643738323232
38346432333963626364396361613562333134313836316161356232613662323338656534623330
34666239396666316632303961383833653063653333643137336339373837373366626162306230
36643666613661623739336636623733326566346537363833323733373232653231363064356461
33306532323264356465656361306564356237616364316231666262613130613265353965663533
63633330306663623734316337306236386566653234323235313766313134393166353162366336
64653864353265303633306239393666383435393466616232623735366531383632316231653363
33366635656463303735323565376137383739623231366161333635323138663165616234383663
36303361353132393333353531623037656565346332363133643834343136356631373430613935
62353962363731643666653937623632616661383736323830373433633938373735373532396163
63376632396239353465396565633134373761396238646131396532363535626565366534643564
63323432616338373035316566393439616161613761373135313032393765313063646163383866
36366166653735633335393161313330376235363766326134303838636539353265663738333264
30313635663361323735393936363932363631356336383334666139663337303430353562623663
30313362626161376134383132393661663361613531666164363731386563653661386330383433
36636237613935346365653035666162303964643362386335373730653939663836333130396335
33303462633933636461323263636166653461306564666238333631353635383536336633646161
66353962333537666234323439326530623364326562333865333563623461356533353662303234
33303366666134653036316130376438643231623835646538663932323166373839373534336334
65373230643336346663626537666630366239333733636564323536643237616438383637356137
63643130306264613235353834336334626461306334373266303034316161336631323264366138
34623532336533306533666266383930303462626262666236336466616561623238653532346636
66313862316134376362353636656433373664626464326537663839366639626530323233396635
30313237373266306364343537336536356663353835616631343935663061383966323634343631
32316361386136313137663237623439616638653361626437613663373561323564316238346636
37636661383063613061306532623361366636366236333861313037346365643336626533333434
36626436363333373164616565323762306663383937366531633039386464633964346466363436
31353536353039646133366664333965616635303231343666623736363735326434353131663066
33646635343834363131393434383364336461643364393265643437363134376363323930363335
36663864346362323033346435306533613066343738346332366337353036353761666261303762
33363363643933303362376331386162636438343636653332303663646365343034326439653034
61326536633161343662633266653234333863636665626265363035373631376663343335643330
61363364636431323966636635346361316264306263393865333138646133366133386463386530
63656535663861363962383161313134636537626634366566636132656333333439653036646334
31306665613533323763306361643866626634343035323731616265626130316361643532626439
35613033316338623461313432363835333739326330613933353161666361613766313933383434
37386135306634343031393561386636646161316661663636646166613862613331613131333237
66373231333331303864663565666163363739386161633336313061303932393039343939626566
63386366303766393736666439333733303065333636653335393764386261306534306430643331
61353134346331383631343137323235653862343938633534356236393765393365346662346331
35313932353738623630383433383761376561623361666461383261616166323039343534333433
61383433353035636336653964623639336534376130373062316662656138333039346333313733
62393539633665386333373361613330343137316339373239616131356638633335626139343964
66356162306139643439366666353333626430656531316430363265653934663565623136626432
61666536333436643638666231666665373832663733313537383361363735633438636263386336
62366139636162656166646539306131623736396365666630633133323139653336626636376330
32616232633963346631343238396365363337313630313439653765373437646263393263396238
31373134643166333163666136373037613332613066663136663436663531636436343130353661
38313539663035376339313434353664313534373036333334616133313631623934663735393330
38343266383638626436666163666330363831626233383633363964663132373133323334653263
36626132623837323635633532306365653732333964333862646563373466313937646330393262
35346263306136653232316261393563303031373634323636386666353436363263373432666439
35396463343534373339366337636261396564396365636132656265653438396531363332373831
62313737353736316663323464373666393265613664366164393361666436383864396430343639
35656561653166653465346364616436663530326333636532323262373737303564656263626663
63623238346462346338646237393533366461306530613235383134323063353336646533343563
39323230313563366430343161646665633661666663663766393937343666613864643464613539
32323032313139393132346638383063386162336235383466373431393334396138633331366132
63656639303839393037613531323639383363633735643237316461666435346430663637616133
62313064633936636365303830383139323264626161316237643464326261353964376463353264
33316130646131386366376338336432353664383437613634393561383166356634626530306364
31303538646236396164643432323237373534616236373834623637633738373432356261353065
63326637623435313961313761373863353266356539386362653237633137653037656237346166
38616164393839393664373134383464613539353366313631633563303462313635353666663064
34643365666162316132393636623134373166353337616163363638366631373865633936316166
32653936633461623936653064363263303163666533343932363539386631633535326561343630
62333330386163663536313933313262626664613064643638663663306465633937663063653361
36626231336465343265333439613032333839643534613832393839346634663962303630376234
64383062396434623766653836663134653365353335306138376438656233656439383361663535
35353438356562313437323565663065366162336330363261323963643463326361333937326137
66316261386335323839343735343064623566383030633162623462343835313033306530373764
35333837316535333261343730393631386233383831356365303531383162373566656139353634
35643035636563363131346536643363643162303938656134656666353237353833643662313766
66656164333533303865626635663561346639633063373936353465636433633836646335383035
39363031393231613466393330646266613830356439313535393366363464323432306230616165
63333237353234613632393836303532323262623361313032373161656664646231366364303039
33666239343037653436666638663033656635643564613539363739643530303538353361306461
66356135346262663965353764376165633136373063386339333031626465313638
