$ANSIBLE_VAULT;1.1;AES256
36616431323430316337613331306139366531636163333535366465313664396439653339373735
3037663936623638633462373562633332376664353661370a323038346635363037353161613637
62316332323639666232306664336637366562323836396530643338336361613738313236343764
6336393430346336370a386665653136343235396138383130316463636636316236386464333339
66366235396565626533363934613334633038333931656534303638353932356537366137386439
34383764306436313932343834636364666436613839313166326639306530383463623064356461
32316634373833643662636661313837313866376466356335653237386162323133393965626130
65623837323730383135366630353961326635346265353634316630393638386536356461383338
32303534623965316164653765643839306261633039633039373137636335616138626630383537
35613563636263383537303665363638323833626463396161346138653864633764373064323137
36626561653566323265383731366165353631613132353933383739373733643337646333383238
31383066663736623263353261383662303966626539333433373263323939643865363065336464
62326563393035373333316631653538616134333337613164633964333533356664323233616637
31336166393733313763313232316136306361326433636532613732313464326239303538303633
30303938386334613032646666313837313565623233353036303762393034633662393033396435
33633630323533666530393738643166333934373363376664633664346635393566313761326339
37336531643737363035353764396139636431613664353830353330313430386137383535643962
37323866353932316665333331393265656164623633633033343338643461303832316134613031
30376233636638386135306336666364383637653261356335333337356265636233303736306331
38643061316665333362353538323032663734623637643865323261336239626534663336303430
33636561643533326339633061313063333236336231616630653161643733336464373461343436
31336239306231343934336261323161653732363964663231653334373030353865326638393239
33396264393033353362396133316430323564353537383631616266626236323462633965313230
37393266323563613835623263313366363131383931376234316438643265666632633938323233
30366164343532306264326563656335383861316336633334346164383261333062393537653731
37313537363566633331373333643564633135306631323132313738623131376439623665663166
35383330373331623438633538383537616239363030353530326263363266366138363830336334
66336135356364613630386235326133626366356162646332303835393561663064336539363961
38643933373538393839643762323466323764333266653934656632666631326230356536333964
36626132623965646665333364663464323761353730636538306637646237656462666539353862
30356534613538366237343764373732633434663138636336663437656632333439323563656633
32383730393962396632383863343965623033323831663166613134383066303064646263663037
39396165396261353766633835333338366333656639623434633263383662636135363265613931
38316364366434656633346238633837376530373262356463346465656639663531626638356564
34323533386132393435393865666565363038623138643137303164306637383635666632666533
33376566376338663039366635653062643139333562646235666338316330633637303631303532
66656538363535303764363631396630303462623166346430623932333038623362656334623635
36303830623161386537613334656466663335376333336366363638623735303239323437666635
31396436363964323136343834366363636564613731653235313931393763333330333035663132
65323030303261633636303831643835386465666265373232343630396266656331623738336336
63666266303366356461643437643664663234626465646562353839353062353533653039363866
61643039353064306466633536326364373539386163363136343465326665633338636261303231
37373061386461393039616130376233346231373935306139313331316336646534313530306339
63393137626232336132393839303863373338386432363366303363383038633130376639663461
37373533626332613265643563326635636139636465393034643266636136386638623464373166
35663435396333356139313833393938333435616636663130383934393966623235626164373538
31353363396338343131323266666630383130326639333431613739613034623238363863306331
64613631613762326537376366636664353064343030306464346264376365626233306530653866
66613735363132333937353466653637396437383533346131663062643233653735383661643033
35303533623635356237343064316366383062336363366664633838383536633131613361643662
62343437643163616631626561613439356663393936363338643338303437326633363831656566
61306466333361356265316432386163323031636133663365343034646432323931303137616137
35643831333165616131353562346664326162626430316634383365306361306636343730373063
34373065346364316137623232663733616433313430646564346436643633363930376131346661
39366130363064376136363264336439376133363736323834363063346664343539386131316232
61623430306363666439303731636136616331613663643736383265643837326466393264373838
37643135613536363939333665623961613330656664373034666331353237383938313832326237
61616231376437326266323238393961656638393732643836386263396639373064346337363466
38613264346330386161646235343432656238343735633437303330313435633861326331353532
36643535666638396637643035333637393336376433616263356535653466366136303334613831
39306461653137363734303232646238666139643565663438636337396561373438326236323234
36623331383332646561353237393638336231663834373235316632626237663739343030313435
34666366633034653631336463636231663034346534386333353536636431383633326161656532
38616230633834323163656638316462383433653137316233353331346561316665666536353832
63326233373138643938356330663462663366373739393039366430353334336461343663393534
36393764643635386439343038316462393065353237666134346435393735393039363165356539
36373861303062646534343839643263393337346261646632336536363338373731353134343862
63376463396232623161656466383438316665353937393539636263303838356166393064623935
38343966366630653537326262663466623939343335313865396664366230353332316135383237
66393737316430663362336439393030336131313439663463633664373937343835373733386463
33633564646562353665376639653764653632383235663137363566363537373439303830373964
32636338633236623162383033356634353162393732333031653966306334303637616666373237
37613635396531356663663461356431333364666330643430383532313663373564316237613336
36353862616436313539623831653262646633653630623739373063653733333965373139613530
62656363633936656335313861393838306632626435613039666630363931306330363535656635
36646231303733666263653966313066353931616463373534353338633137616338653937323632
64366235313437653663613031366534366534333333396462306536643332376133636162316632
62363136373961386337313937303939313636326636616231623433643837653435333731613935
37383932333363323230363566636563356539306437653933613364363465393863366632636537
62376661373962633638333963353233353762623136386133383434376338336464366161666138
32636234646231646637356438303964363137323937666539353136363265393566333431663630
64336465373133343334633532306232636438396465313438386439313932393736633337393061
63363562356636646132346363613938366163633835343233316161303533326161336262333338
36653633323131333836313830356433663561636265346331323432353333303962343031303166
36353661633932616436336233343938663730623765666631333030656262643836623364353532
30643936666339323231616432333535313531623662666132333962356539333861363661346538
38653336613438663339336233613662356333353133333739663364356261353237373062653365
61383336626161393432653334626262633731366462366533306262386563613065356236336339
63643039386533656336356162343066393631353232323935313966333965663864
