$ANSIBLE_VAULT;1.1;AES256
61626331336233386364653337396339653137663036303361363139376538626631373234613664
3637616538396635373430636566653335313561653261620a333061393738616139313233623533
34386539666136313834666532316630383137386230323932646639386532343232363634333862
6562306266336232610a643236653339356135366235633631613533663032313833653636613636
32643863363264393266333631396665623662363133316162366537376336303961326461656639
32623437353665383739313739646236333465633834616338656262323638313534336263306535
39396337653561643164653930663736636133313036313664303431656430313266663839303431
37393065376237666236336562636530343632366134353361323633633339616134386165663765
63643066343230303439363238313438306261303061376536653763346239393762323737323939
63616531356335333562326235636363656234656538613933333632613565623333623836343339
64306632613536663331663864373061626666376138646635333731316164633335316336356633
33353931363834313131323066383632303434393837653439613130366234383739616236386236
30633766373436343932313438303961333637383235316130663338363966353163663730363463
39373931633662366134393930643033626138356166643733636665303762663439666530356230
30656231303562313764383531656536656266383035653939666465633330396262643263373365
35376530663433316462616432666537626366313235353338303837303931393534633432616436
31356432616365386331363164373966326163323030666563323133323335333738316236313439
64623231653538636234323866313064343834656563346532303631653439353637636563363336
65393065303737383734656631333562333434313563363337346664636330613439393535326337
36343363666539353437366262363036316131343562633732313465343338666330373465353934
63633239363038653239636331383561323430663639613463333463393866663337636430613730
64643930643136383939636664336663653735323439353365343837633737623139363238316436
30643534383835306664376263646430633961376538313366666331626338656162643561653336
39303535623539373564653562613231376631333831306633373930656263613832333832636264
64383139396563373466336563323563316134373865623164393034636134663834653261373863
66326137376565383964633036643434663137656434366165373631333933393164663938363334
65666563366639333239636662326132353133333761666161653063306532306235353736636331
30383433623339633939666236623364396434643232386465643234303162663534383131336337
32383032376334626337333637613265303962356663363865323038383732376630663638313530
33393337643035316264656638366339386439323733663432633736386332633134613833616538
33386537376330623564346434333036316465646431313862623632386232346363316333323531
37346234393233333431306263653064363137633738393035656138316332306132336339633062
64316361616135313031623732636131393661623165646533653164333564346539633162333739
64663935636664663438373264313432633761376130663165313633653739656464313936353265
33383765383561336163363662373361663930663832663363366333336239373237373264333836
62306432373335343933623933363632663136663531636134616239333132353039353832663232
33356532306364366531356162613935633461356231653134343735353438396330343166343637
30346334633639373261666438393931633962633532323038343532636465633263313961313733
63393939346264356435396638333961653333353361323035616636633963346639363030343538
62626564343633363762363033383864333533643863393764666361653633353031343831326434
64383466623466386365393462386137393034333266383532633335343538633534396533353963
38343634363439626133306137363961333435636530373031386466646637383864626565633165
38616238633834353633356139656336373864353366633564616134356662326332333762323037
35333937376539333339383937326632383638343239313161396439343764313038616161633330
66623234653163626165366633356437626136356131393461393261376639313138666131643466
31643936316264333561343030623032636333306530353266623536313136626534383135373561
37303962363563316664646137383738636566333431636564366232353363643865623931313061
34336637636635613635346161333365613531653563633665303533653333383638666139653839
38643337643562666161303834356131656166376461376538646361363036316136306638383332
31636535636437353261343565613038343633663134386337346237383234636664386434346138
62663537383933373762643364333739333037333635303966656437306664633064353732656230
36666536656165656462353639666261323930613661333566346334633562666130323339366234
38623733333732343432306666636330326465316339326237623766313262393736353531646161
66626165343037353730373334393063306332383938363534323031363836306363373266613464
30306566363631353732356532383939653062306430613864316161613934383831623161353431
66323066306266386130316334633638396566636434303034393033376161393333666331616438
38353534663036343632666237636638313338373937613862633233383063643766343438643530
31383563383466326538313866646537393436306666656535386532363136333038376335633637
66323931663465383766303037333363386432346334306335633237323564316263333062383830
34383736636234353839343835666331666666666262333235666435333537623762613366626463
66623062343962656632633331363130633934643861643138363038333630623463323933303133
34343733653738623531396635336338643461626661666333653931623164363830373662666637
65643232633837346331383239626366643430393230626666663661636438306462366362336536
35666435363438336266376262393265333239323937376635653263613639326332326637306635
30313266353433363434376161353433343531386262386332643332323438633266343830303138
38373361373833393039343337646231346466383562366531323836376662383466393065653361
32653262633934323836306535653834636637343062396230346464326331363164376665663933
39656538363331636535363532353938653231353937306335616537666461393331616161346363
38376535336235383838343332356362313435333937363537356430306333393835303965386463
37616632376437363965303834636131343330363839646338656661326433373131343761363261
32363932643234306364323734363338343064373435316539333665336438383539363665653039
65656164393531306366346638646462333132306137656665316665333830363938646266326566
31393363303431353739303438653964616361363662653263396361366564386465396366336437
33373562323564663361373431373966653863646238363635643762316162353538336535373562
64313965356266643930636364313933383865636330663531383636656630346633363730646363
33396332343731393037353335633537336265313831396232363738663734373735336332633261
35343336333364653430623637636334343134366263643838623333666564373666306363333237
65653132643231643565626437666335323063613730623335656134353439356534323135653065
30316232363761323433626634306335643563386464626433336361646332633132303633393163
31386261636363363739656663623662326461653739303463356630353961303766366534336331
34343462303331653234623038383237323266393664633837363836633637613033313539336564
30643066313137373666353263316364643061316138353862663262613636396537366333633436
39363631363361363939653661633463336137363031646362373430373735306265376437646431
38646663326534323236396533356439323334633438663238663264613265323561303262623531
34376134633935313637636233626231386165336566383830643439393031333061366461373437
36376431343966363737373261343836356333653665336237363239356661316264333637333930
63363366616136336631373837643037616131363637663336663333353831373030663632346131
36666666396561303062313163353439356635656534376139633534383237336131636636643830
65626562653265343830666236653731393065663738326432616632333735663465
