$ANSIBLE_VAULT;1.1;AES256
32613237353033626435383562323764663337396335333637336261653366373337616562313562
3761353661326365396638333937373336646538373734610a376236346238393562633864633265
37393065376362393538333836376263343530343964363533636535376564643137343063616135
6530343432313936350a336238396261313131656630376263643564643261346638343930653565
37326334653531376532626237656563616530306337336437373932346434346132613564663632
38666363666534656137646566663736633838373735643932656632393337333834393932346263
64393132663462343166653762663862346539336566613161356138306666366434313262316562
32333865333065343336666363393338343331393939653236653462356164353665346562393139
62303265653561356435363365643763366664353134386638313735623962663364313663663562
61613861653065376265613366303764633335613465393336616135323435306238663531306130
63376535626632393736346331353331323834343437303832363666306366313864666438396236
62393438643938633535653934613162653830396664393865336361363733373536656331393434
31356531643132323036373261306439323963646366326138306434353865643263613961316565
31653764396338343538336362383532346261613137376434326339313332323034663438353066
31613435633834646134303539316235373730643432333136656332373837363533626133373064
35383337323734626530393833633338636361343066333335333835643737623165333333666238
66373331656133636232383965396635643937653339316330393638393334386238663235353534
35363461666438343238346639353635616535646337613935326536396239643763366432653465
30353739653262303435386538373731383566336466386538633965313963383631333134666563
35376135303261303439303365333534373833643764663637373834636432383335666135386336
34616631326538613032343433376535343431396639326337363737363339396638386533653935
35386164356438313432663233356464383964363732353530363336616631636363666133323531
62386138663464383634613561623837343437336539373633396232643239393561663437333962
63626237636131373034366366373338643334396639646363383232653636386266666561353162
63373163613561626163326262636466623037303135356362356539623730323339363930373431
39663065666434656666323162646536643263333738613735623634386331353966623337613339
66633464316636373637663239393163393138306232333039386537636332366462633033353932
36383630383134666361306561323734613465666432386438653464646464303932383838643663
35623764343336383130623862646135646237353465303632393665343663363336366337666235
62386466393938383935626531633163303936336566653364626238653230653038626662323262
35306630643635643764393936663339373061656539646231653339643763626163393562393836
34313432636662313466613862353262633666373333613933343139343132393938373038313564
64393736333734363836326134376164333135336466323837663939306165666536363339633563
63643765636435333738323035663065643231666330376264623062333762633363323431323762
65396535316566343037626235666162313932656334343132346136333663623539656437333361
39393331373866323130643030346138323361316439396631623936373537643961373762336430
36633965366633366638643932313331626362306635383362306631363964646362336134353163
39356131313163623362363437616437323536353965396465363939393633636638353332333736
61346435343732623963666236313936613965656632366433396535353139653436663933616335
61623930353637396533646632656536393738336532353130373536666266643963316464336536
63383932373562323239653531613030333962353563323133666364366539613261393764633861
30396564373563333966386136383831656335623030363164323037333133396366393531623439
35653636313136313730313230343166303963383538363263333361376430333137393530616164
62623730336634373938353164303139393334323139636530356430356132386662343438356134
37356266376331636539373736646538653362316535373232626638623731323761306535613934
31373438376363363632643266346265306164666331343163633039663739396230633366313732
30306533396365656239363962653739626666633965663566326564393136646230343461373434
66646533336337396561613261346235646339343433306233616439616531393563666264373330
62383665373138303839626433346539643465663635623031366632666436633639363037353538
61303334633766346565636666363861323038383564613231336663306566333230636663626135
36653964313365393461336262346166323662373839366234373634336235633530646466386633
61356533353863626436643262376263393635336461373232316332383838383135656265393466
30333265653931323732656631363639323834396536663364303236303939653834376464393639
65396234393761396663323964643936333662326566356665633736376633323761636630343261
65663461633963623130656530323738313036353133393939343236363736666364636234333331
39663662306533663833356231363561356633303439656264343133616263306661323539323935
32653565646465393834663662633761636332393038663834393962393132623831333636616330
34323434333136343138326631396263333165643462393664333939333061633261326537323039
33383165323931643537646661663362363435363961646330393635343161383233653637623038
64323835376434643366616536653262383763336438363835323266353765653038663865393265
32306132663439616132383734303161326430306438383536623465313839626336313065626561
39363831393733633137663337373235303530366135333063303163393232393064353863366436
36303739633732366333633564326366396634336566663466626539656364353738346630643132
63366463363339386161393164613865356363653432313663386336306338313566376264326639
63393563613334353839653831633962323538373764313166633662343831366232623037613539
31653435373763653665663531393765396232623161393938363737633137326534313335306631
65386637626461333431313033636137656562366638316263353935366665653163383065356565
30386430633830343563333063313363663737666264386463366636616539353734306430333133
32653237643439393436623830336432303566353365343830363836633532316338353939636636
35303764383438363064353834326330633465346438326566316131313632663736393030613239
33623961316334366335653561376532613631626235633439323138646638636334356539663665
65313261326430366361646235626465323937393730376531666661653338646232313530303534
38613832363539326635656531316661646163323034333036313765623731613566346635626164
64643766303732383965316561316334626131396632393438636562383065663864333034613266
32303132313866643763343336626137353764346263313961386439316534346564383765616366
64663936363134623134633835666366306436636466393630613939626334626136376639363933
62633338363231356134336230356161303930663033383838366236656137663134396435343134
36303661353430373261366335383031393564616630343863383134633963653039303130313133
62396136313736386436393536323661336233633731656561636664316439373530643836336430
39383432346335336432656235626339666533316633333637616633656336666638313065393465
37346166383065313234346530636566646233616632613430623466356536343061336362303436
36346336333431373037393437666239623135633839356238623463386435363561633066326533
39643766653031343738333939373061333861376566306661616337346165653865646332326137
35323830633634396532623865313365343961376662646662363334643863626366323263363164
34333362373661343562396661646364656638626635386338623139326164646234356131333632
64623866333465373834373166616336656335666130623736393364633761363161616136373934
37306437323535316530343864613264636630313331336562306336356463333838646330363034
35363530313634383839643665396532653030383566303637326337316433633764346264306537
61623436666136653038373563366134313961313866653130326430653938626534
