$ANSIBLE_VAULT;1.1;AES256
39373235613032643031343338333231643336666466383733616265306165346134663832663939
3932303937646439666435663062366331323631366137300a663064616436663261643037613132
38623536303439333237353761363162306465343032333763393763313732646563336635613930
3736313334393765630a303433613064323864393164356232323735346234303639373239656230
65306364386233653538336364396466663863306334623163393366616637613963616661656363
34643966346665666439396232336661323730356431653235663835653533653036383335613439
32303835663366633732306633313365666665333466323430316233666465613330613032323035
35323365343132393165616464323565353037356237396535356535653961373962323732363038
39333631616238333931396264373134323563373039343938356537356233343135626135663238
30613034306232303666393930376237343039336636633031326538363565653164626539353939
64643262396436303462333861393236353266353735383731363064633862656133386665303264
62636562383634653239313537386337626661623264616539353234643339623037393962656463
64666664326337353061343638666637613363346638353931396663636438663639303237386134
32656638666561613032643432376230346136646431316235633864323461383134366532376234
34396638653564306536653030613232376431653639383135336230613735643337346163663365
66346664623264303562323264353030643230643432616234363732373234313036626564373463
61643363363665613533356638313934343136333334303735663132633763323137353265353866
35363435383234333934326231366263646237383439643931626366373636376639633139326131
39646536376532333463356230656562363135666537313264313263393566633834353064666330
62383533643266376630343531343762343134306163386130316232663464653234313763353037
31613138303534646332626232313064613565376132396633313238383335316330386366323933
65396330373034633037313537613430356366393961353335643838303537376332303639623330
36343331336534653131303236313631393830613935656436343063633338653935623532356430
64303036306136636331623238623936336361343135663838366666376132643635653039323463
37366664656139323062643864633534626361626533303134613435303735326334316162326431
30646263633864333334663362386139313930633335333065386238653834633064663237336633
38653464356262616263656634623335313835396537313632386134626336303037666230363664
63303839323832386134363061306439353861316466323539303365633164623365643462363038
34613965353839333662333331613130363564643366303637333634643264396339316662663265
34373563643161633236366266666538373332376662316135306532666337333165643133346437
36383636663866376434306135646539303239373863356562333030326139346334366635366331
65353962626632386561383063326638326264646432336236393032363930376538636430643932
30356137303738326536623232666632663964386366346338373031343233363930343432636438
61653361323162616534316438656530373531666239323336393938386535663035623134346439
61356238653361643562343031366338653636383561626162653265313130386333376331303136
65633666306130666365376237666431363633353961313766636636323335333030633131386234
36396330313862333536626437646532383464656661633364346538646638336639353361336238
64353861346431303163363765616238323566653134333161313464343333373366323561626236
61343839643530383536343336393866663161366265643766653862613762643664643862376138
31623031326630626638663539626233393835353135373566356134386232333534303933643239
36613961366331623833363339663639343836343964343037656463343830306338616434633735
65373366623266633232353863613230383034626433303761653335616235313662663739633863
61393463333934386437646237663434613835373539636637316437663835653632613832373665
36366362376231636433376466376366656666396230633936353939333438323936346632633536
32623865383034343462386430316634636164353338306564343562396566666564643339353036
62323232663466663538313730383830623533383163636434643631333062393264376232393462
35356135356532373761636238323665363733346431373961316337643933616565613635353235
33633366623534353665336662323534353264366462303134656530663535393933373631626132
62336230333733663137313736636664373536343863346533636164336536613033373733653337
39303338653061353934343236333534366635383135663632636236303664363764323165366534
36636333343836623630643464626565656366313161373036666637626336303337643461316464
36646532303237613139653334313961623161313063313364366332393636346162336664653238
37656465656161383230386432646232386264626463326265643661623335366130383662663662
31316662356233663831613461333632383634356361313133396261396262336535613231373531
64326462616661313235333232343839336161333436333262626565323465663363393761353937
30353134663534663633383837333166323030353434633163376639346231616564613633623163
33656333306166376166383230633537643330663664393339313963646439623131613632326631
61653132323734656239353864323133353866313966356234316437326266303662346165356465
33383232343066376538613736333139636565353366353136356334313439343834346637363761
30393831366532626136303566643438353862363735316362653563346437363430663462613563
61626433353738663635366535366161366166656338323234366432343939366430613639353631
65376332396465386236386635363937626261333365356439643931353333336538363431386565
35396662376233363164386164613530396531336335346230333630396132313231636664306138
62323161363663396462346161306138393638333562306337396161633830663437313938343831
33313561336263633635373734643462343039636661393639643064656264346666306337356633
61336364656462306531336661653531653665363662306531353034393533626537393730646436
33326565366430363438343638343662393865623832306233663464363233666638636335303166
31643033653532656531333437336666663361326664343563663661393836373666323766346462
65373339363033363564356363383934666134326637343036316531316432393038343133343833
33636539623162656238323562313866346361376664353138313565663632623336323734316430
31643237353563666661393037656566313335363137653235323861656564303131303037396661
35386265303935633536366539626137316164376339623631376566303663616139643630363439
39336131343466343831363764333334623139643232343638646538326636393061623266306561
38316130336565613265616161646637643338303765383231663961633935363930626238326162
34623330363533653130396264663166336633326466363432373535373533386438616365656164
35393235313531633162323031623239626135636164633864383266306165633034393666393635
66656363313939653763646662313435333462383032613132613336353566663432383931356461
63613261313232323136356537393364323635376233636266333239393639393331376262363830
65373031313832303333376634376637643965336439626337646433303030666434343534313934
34376538383637623537646466326563323763363336623762393536633365656130343133373538
62346264646138326637373962663330626135323631643636303830383236383866643038393931
61303966353834386664353064303538666431653764633936356466636339336434303536333738
33333265326630336239336131366566313332623962336338643136333066316437613938656630
35633937383632343161666464623439643766396466386439396637333964333230386133393565
37333531363562363931613163336234393739393832613737623466626461656634373035343664
39373530383432353466343061353165333839393761343834323233396461616666323165653065
32316238383661356635343333313265313864646266343763323663643432346639633865353437
64643162383736343435653063396161636337313339656137393064636565353137323039653239
39373931346636366535363666653966643134396436373930633633663533353463
