$ANSIBLE_VAULT;1.1;AES256
62323738656162616463613136626233356533313132653862343339326138376665326337373366
6138616262333963323939356434376566633864363736380a326135303838343930396339633730
36313534653266323038333432393935383030383038386136396462386361376563653339666331
3163633833643964640a663362613165373165616334636635383738623561383333393761336538
35626537396136386435636462303161303066343330623766353863646430376637303639396263
30366232363331633761346538666530383966653431386638396163353066383738396331616538
35356538643835303634366264323432373133353964346562366333623730316531316231346137
38613839323165336132393435353637376630383831336365326466643762383538393166663236
30313133383962313837396633623764366230346437666436646666303862613130303264313964
37653836643730396463313864623865376432333664356436633730306430656461646362386134
30353266663434326537636566323565383935636230343238313063663136313935346234323834
61666139373964303238303764346235313432386563666463383434303331383164643266346331
34346331643365376635386335663765663865666235313366666264353030346661663764613032
62303035616162323162393530316131613464396165346361653130636562363265656665373261
64633134373338636436633630636338326135396630643137353362313262396339646562376634
36613461383738363135656163373835323931356439653666343637373266386535363738333033
31383639316539326663346663376166383537313766663534383530396661343765653136633765
32353537353033333932613063633536376431383863376339303436323266616561303639356662
63323530376138306631613136623937343033383630333665393435643463303430383637666537
30336564393936633566336233393536306262346531316139323166663166613830363230376166
30383039633931616432333361363662386363383861323662613862646137353762343338656263
30636261353633623739396432636266643463343939633865343435623136616563366666636237
31626164323966353732336439663563326466343061383031323337636335643831396139326432
64376431353430366632633932333735333639626535653161306166336538326432336534323337
32623033643230346532626162633131636135346139393961306231643466383962663262636463
35383534343234613633353333633833643834623064303230616536323161373733643036633435
32393765393265353638336364383038313864613332326261623565316438323861656434666464
31313966393062336234333334613230636261653431643465643230316165376466616537303431
35666137653363373862636634353031663863633336356639616164616233656161393530623261
31636364336365616635616531363833363337613237356162393666346234323330613632366336
36653065373963623862393932616636616163363065356166366137323330323934616561323038
30643439643564646466643963396235376333333037303166646539653533636138646236623530
33643836343836633363303935316537636232366435653563643834346431666233663761336462
35316531323032316230316639346231653364396134643035326232373838613565303166363332
39313865343564346631323632653436646466376633316466323636653766383466616464323265
34343164336136336539643665383235353431623362313865363439306163623833636333306538
31356461613039666438616635616565333865383238333336383932366365346161316233623663
64653739343636323762666665316364353962663338303565356537323262326336653831333065
37393161313535336464393934616265363730373631616561353537633330663237373731666631
33663735366431323339376364383738353237353136613265613930636536343663646166653030
38663839303338386362613337653136356131363062323261353161663662613232333434626638
36376631663638646333343666633134353337666334393362316666313030616161363963656464
35613736633735303362396331303430623262343236373965383063626139346130396633303138
30343731366366613431646561343262653435316134313637346365656162376664356361323332
37623361326663666531646239353134326661353039323038393236666432346665333764333663
36376339373833653631656137626165396461376530343337393962663361643663616561613134
65643134383030633731313063663465386232343431323564346336373837363333643064646661
66663161323534633366333530623331333232663666383435366530393966383033636361653137
39313839326436646331633565366535636339316364393139643764623361643332393738653830
62653565346662313334396135363438316664386432656633393865336533333464663532356462
65313033303363646331346366323137623032393639343361356335356130653665393732356236
34383031623033623934636364623965366633623637363335616164396264613937373738363737
31346532333038343664326333623134323233623732313835333361396233666338333033353031
34636264366566643633346136623365343562666165626132663731386162303737363430336438
62346466666337616334366538623562633631653439336433376564336433643131626139626562
30306432646334613737613237396430356263313737373035373866303761306365306135323235
30616134356638346164623638636436303163323736306335333330656139366230363735333236
36333166663133366266343364623531653238326631353837343864323535623837356639613038
33323430323064623439303932663632656137623739616561633930636465343330663932633261
33623038366432303431626537663436366534386334333039636530333037386334396137623261
39363137333930333731633231653339356433313839633932386639393734396461626164616235
31323762376232363934326538636136333162333262333564393239333037346463323833323231
66653632636338356632666635353934323039653364336462353762306433393034326431306339
35396266323432613965616537616437636535306233653365643836313438633435636231306234
31666539613665643637323330373632653039383533643432353563396435386261386362393237
34363733623436656639346631303463343561383336396631343166393136363031383738303839
35666137313465636233323564383133333664313333626163633638666339336164366639386632
30613466326165653339373964613265623631323734636638616238313638623036633437653161
66306166396635636532663866656333653934313531383738323034343039373765666138653331
62396233373238366435323935656530343330623364343865303435313065646638616130326431
38656434306233663264383537626238386261346363306132616264363039613762613938623437
36313130366432363330656135393965316134663930626564366163323136666164613435643630
32623432373633373532616536323463396161373666633465303763386539326463646637316430
37636362616438386362336339303933393137336433616361386363616364313363343639633631
64343330353262303033656332303166303762336334386239303037623763333563363230626564
61636565643736646165366462623434356139353130643737616332656136353665373630363663
63353133353238336138613637363131613034663130613032323432643864353166313133396636
64353134386562666231376265643762383336653063323439633939616639336335326364343664
61656137366335356432393837323061303935663565396530623635323933613038353639313536
62333763376634353065396162346537656236633166633032643738643534363564656530646134
63393336626235393630646539316237313461666466326132333234613534363932616137343236
31356663636566666662363839386434333935323763653732663963633230343036386430613232
64343232623538626630666637386463383963376137633863613561373632653039343364656165
34353534346130313961353861326666386239613231613937343339346337633535346537313064
65356338306536326230653835316462383830326331396533326233343335643562623834396265
66303963623931383830353866346237666637646338396432313832656234616131663039333137
62623564393034366663326361383933626463616132376238363362303130333336396334643036
65306135393435633861373137646535313738623935663434626330656365666661353238346563
34313662383065363834323938653933396338373931363438326166396564346334
