$ANSIBLE_VAULT;1.1;AES256
64343661363838326663343839396264303537383265383239313863383731373830613566363865
3762376666316434306231626531646337316531313435360a356430333561306263653035386432
30643939333235613166316662633335393766343862643361666438663132613666656632646362
6436373032316161340a363733666238303263646464643838373766663434653465636131373130
34363564656236666637343037623333616235393562303961643837383665656566613462373064
66313064393934613131643333643839663736386666353234316539356662653562363932343262
36643866646366333930366336323766613236663334373465386337633061353465336539356432
66613637306136636266663661616361373231393535333232356536333937373061316461623433
34373235356436613364313661346333343664393937323931393331303036343462666334396131
61333338653165383433653164323136303038616531633338616433653439613830646135633332
39663063646463373532383463303837643666633639303262663966613761653766343134613735
61663164313731616437666165613862353464653333366363326665323531316436363162626437
36636339366263656261626133343338313930373239303564353166393333333838666531353639
32613932316463336238656633356232303366363066393965643661383561313930393239363365
36373463333935666265636233623362393136616635363265373062336337666464623636303139
39663363643662343137373630323766623936613565306234393836336263353463643738646564
34376331636162626565363430356262353162326134336465353332306138306637336338343730
38616464613530333539616335613062366130636134376136326131626666653135616661613965
38623764356435303933386566326338373237613763333239613832326133393066383836313366
62393938376339303034363261396534333438326437383135616633353035336431353562633965
66643963333439303434643965393637306333353662346632306266353664386134373535646434
63373836636536316662623035333035333364363139616138613936623836316434623433316531
36633864393437393735643836326662386636303239653730373535393333653633623133303436
33343339623837646239333030643932363361396534636664356534623261343566616566303463
65336165333663626563306164383439323139333630653437316238613532326661653031663866
61336637363633616135353136623963643438616336323834323130363032346438333338316134
63653333636530643035366461663465326233343935613337636133336364653735336365306131
32343731623631316137333062373930393231636335616639323338343265363836306564653032
61363438326433343963306263653766663865366430346133656362316162333863323863343063
34363830353539303835373337636336333630613131383231303562346539306561653230666662
61626532366266643235623936643433663734336363316264373963303165653539633438663638
65323237383236313261623565633037346339343131346130633565393461323565656433353535
61656433616630353534303630343833666237336663343865376638666337343366653966313235
35653135316235646431663735353165663764323331353238616563386561653036613432333964
32616461623839343830633430656537383039666365653936366532316231663263336239643030
34623765643062616137346363643162313866383636363534306239303439613138613636666161
64306338633533626538316135393238333030616238326535376662336538653631636335363836
32316236303932646537386531333335333566646334356263313961333963653263333364633039
37643233383831393231323661323166326337623638386533313134376234636632343662646361
66396461306638326236323163343335313838363738323865316531613733383337343537663334
64363735326562333635323233393931333866356638623133356466623164636262376432646135
61313639363363363161346134646364313165663131366435666638303535353435376137383439
39386439663564363364386164623564313138653861336661346635666536353236663931313331
37616532373666623663636535363364303133383962333265643939393332636334643730666366
38633361326330653262366139636166366533343062666638616265373464643336666364376162
63366435303439353534613033343861316335616231613335336338303363373463386133326465
39633738323234346132396536353732643934646231343236613063353238633836386235383638
64343862663531333236363266346363303237373130663463346534373033323730303331613938
38656466366264656430666533303565356431666365656133373435393462313339323063623334
39376536336466303134386666613738373030363462363337386534313964386430306437353761
61303236616436333837613830646435303338343966623431626531316363626236653831646339
39316262663230613131373335383961663937633333636561396337323363623964303161656135
38323137633030613362656232633235663262663937633238336466363239333865353339326530
61356437646636613364316631316237383232663435393731313739343864336133313337326533
62323138333061316161323365346362636461383966663032306630643731366336383166343734
38653938646332313061653637646237313663356265363562343436633963393663346566343064
63323730316661363635656338633665633833356339353836356366343565316339616463316232
62653531373830643436346666363833343365333461393330653937376534636461386535666664
65313032623563326164393064613832646265346633643430396631396565393430613939666132
31663166343337663937383466303164613564653336376333336531643635653737623638376334
37383262623832343564396364653635313132636461623030356432333730636338363635626133
32663036383734333332636630306230633563633235306432376633656562333937363162653564
34346239613833393039346561363362323561346331396238323732343239346161626562623538
65393138306439646638626464376666613335383863613237616264353065653064333166623031
38343435333261646536663231646133366166323464663335613564353930376463653632306133
39666433636463356330396637633732316164373866653530313436303865323434353338316566
33393035646165363332363766623931376334633666633635396564663863333235376435383632
35636338653764363532306162303862643237616232643765303863346636626339346531353237
62613430393131383564376466613732353234656439623364653132623164323138313138383662
65376437633637393565643536326265643431616566343836346662306364346639343838386634
62363838396435626539303630353061383963356130343466316537383937626135343062343739
32653261376134636234363838643835376231626336333464353161323462616234663936313835
37343763373936383538343765616631336634666662333337323438316263373865313638613965
35346332636338626634643538346137316231656565383336663431386462353531623139323033
65393865353630383739613064643239613463333331323461626531386339393064313639366234
35346531353035306134646466666562653463306232373734376330623064613130333831326235
39313763393162666135656338666439343836393064666535326436383763336338326563613232
33636532643431656562633132653733633436303438373530313862326264383137643533383662
31356539336137323065376666653864376537656237376532373630613735313361333635656463
37306437346365306661623466373733393137656530333963333338656662356537653461626665
30363662393732306665623864323762663462656362363463393166633965366334616164383833
33353834393066626236343935616639373939373062346361323938663461636266353464633036
32396338353537353366343632616461643539636335323737316662353338366633636238666664
35353564373539616336656661623535653361393835613435353436333766616235613762356634
65663066633165616661393364636439323933636363313336613734373034363438393266616264
38303764356661333266656430326163623565323637623065393561376639656237316266653034
39356462663864633333366530626435643834393866653437653566666464343532373037303864
39633665333433363135653763313737363233653861303335326566303066363632346439343135
36303035373764656435306236313665396635343434386333613063396334363932
