$ANSIBLE_VAULT;1.1;AES256
61616263626362306636373438623030393536336263333231316430343135653831323063666231
6262333461653465643661363039383531353036373161630a633935666633363337383039336539
33633461323032643161326636373161663338333465326365396532333530336431346336623930
6338643239396365300a353139666339316133666338393530616632313563386364633532353662
63653961393264393561633137356464306431316165386530656536353136353530336432386136
61313661643965646666336661636563626164643639383539353433343637313238353963633730
66653761313366343631303361616565663038353234303837656339616231376362333438326439
36633732303237623338643664343766666665306433616261366434393165663735313137306436
31393134333666646434646563396637356639643330643665646437613033356162323438313636
63306435386165316263363838366331333733373032623334343533613632333736383936303234
33363631313235623231633762396530383539386235623739323766333764313236366131303737
66336165373965616530313061303737653562666238623733306538333762396464326236383566
34333165326339303262643564363331393834306166633965626663653633363637343834393233
65383061663964333165656464343933623939343231643136363534653665333362333839626565
32383835313231393132656434633236323564343537623862633063333137316535343631656239
34366436303466653264346361613365386430303165316131643865393037646339383733323138
31396632376164613733643635303634373932623831393031363631636463616666393535626364
38353836383164363938343238656363313633313766353438643538626665343031623566303132
34383631623536663431623164613333353764626133313063306332313833633030366533323666
63343038363664336333303136383662643039363362626461643030653466666464303333633430
35613163393464623433633138323064613130376537366161373439343130376232353637323130
61666162623339373666613663346635663037376564366333616139396538336539333161356265
65376533313130306662663661326235373839313466623131376136323864623866613064646433
63663730343436376631626534336537306436616431386632323433646361306664313330323532
32626237663836653330663362613162653566363262373362666665633038626539656537303163
30626437303735626561386435353637326138306135613735323766636331353631373930626361
65373761373462616639373563613836643938393139636136303831306336323931356632346537
61343733643537346638653539373263313733613336656461346230656130336338363664393030
36383833646437613730343362326133626636613864373137353835313665626563386361653032
62643937663832636465633331643630366530303734313936336432326530383862386364363864
30646163656666613862643365646536333164353765643537623731393532376166323363373934
63316332653234356532313838633363363034383337356637343438313762373463343030313066
35346638336635356139396530313632343839316235303936373434633439343163343334303239
35343031303234653533303730373833303865626461333165316562346530656664373866653966
38363533653533373735366664393737363532626135636366396632376466333930386561393963
35373730646431616330343336396537363331326338336531343235313033666361373235353761
33306136646565393836393163303666326236326533633232643364663034363537353137616633
35323663636364616531326534396665386233653732313039336236636263313034616266383964
61323532323765386636303536616364386435346238303530656334323863373261313666376565
36373439313266353962663137336430356537356436333636316561376635373064653864613031
65303163383433333366333862306537393563663531383163373437633461663563643365633066
37663461313261316234356264363232393264383930633236373639616564643865393232633462
39313132396661356435393435653964656661643331666431613430316566393661356430383564
63613131343636313062333039653836616138303735326135643166303330373362623365623639
65363466386230633766326161656665656536356265626233633532626430623863646361346635
35626236643532346466363233383236636632343437376439653139643139613735326162366165
65646430616266613735353961316634376435626166636635636636363462366465323635303162
33613731353835353732316464626563616231383936663166663361383063353237633766353432
37643363613830383034626430613961306231386465376334333137666631636337313266333734
33376664356430646362613833323337353937646333346337646665336239393266396638356561
61376231333537663837373630396139636135376534333062336237383536386433666333363966
66376134373361613831343033636636636332663464363934656266393833336337643663346534
38633137396334343834623966336463656365366465366534326538343463623963353936656231
66323462663834663938376334326265633539303537386537323232616662373736663563313230
62323163313332376431303264613331653063636664343539666361636464383762316262336334
64623061613562373065666437656630323862353935376361313436366364663363656565393264
63306134366562656530643330326233363235333332653330343962343265383532666334623239
63363937353832396333303739656337356338383461383232653431666230666265396264353463
39313133353865663034326462303930326637336236376332643163316366383035656330316466
63376664656530386239343939383739396463326435333431656334626135376332336136343863
65393439353134323361633238316637316461663330323231643738383932613132336465643465
33613238333231393862383935383337373465613161353363396634326461313435653239346463
37666335376335633433363966383434363736633439616433666338316539643361316133366663
66626561346231316466383232313063346338376362323064666533613533366166333637393134
30623638316336346266616531303331643232316366323633643533633063346430336233343865
66343530393430303930616239306431376533653066336636386339363637653133383638633331
37306564343462396666613234313033633166633966633466646137643066313837656133653434
31643537323336633566356633326532613035326665666465363763346638613163316563323632
62653536666630353731646361386265623165326264343739326632626235393966643561343032
65393735343632353837663231323432616565643130663061333537353461333036303061646438
37333532646439316364643832343965313835383136613766363561636566656438613864663434
64643936666638303365633937363935666361636465353332343861383732636261386138323230
34643731343764653332626164346363373865343665613639313063386565646161656561663832
36333361323134356662663961356636366265633534653962656338633164656530643237613332
63613862343464363466396263613531643930393062396234663166306462636166303631386264
66666238303165636565653464303431623862636234613262393063363766656533613165343565
35313436396162316630643239373762376564363137643438376463363534656662613930356465
39656365326238663065383135333538336662393239326239363733353761663136363261373836
65343537326238626535646439326165646365653264626139616565633063333966333939386464
63393134393836393831353136613431656137303061366332363135353565323862343164366662
32353235303662646437613061303933656439643733653935373966383435663731356536383832
37333662353435393832356662636232393764636235633337653364333266393739643335623130
65346661633536376662363262616466643462326462653235333163313535383462323033303963
36656166323764303236373964353761353330346635646234363131653566646430393266393762
39363865353165306430616366666262613465636437386463303131303734353665326236313936
31356636313963633035353439363833326339323239636336373238383037313535373531376462
37646135323266333139323338346533383462396366303865653337366666386663303638396633
34613232313165306131326665353739613939376335633733343730363838656361323034613239
66616238303436366537666561636638336232656334643232313431366332623131
