$ANSIBLE_VAULT;1.1;AES256
30623835613538363035323165666336623134356466633333306562396233646338306665323137
6236313034323162626361383739656663636538663637330a383933386662396465363534636230
34656462633938623432646262383036326238356532656166383966346430383034663565346435
6330616639646531660a363163356438393632383139303464356266663331306130613165386439
31633437336136366239343662333033373962363864623436666635306564663735373435303764
31646436306432633133643931613230623862613766316664303665313139383733316465376134
61623966386263316261353234623132343562313366353062383231353636373566323534353430
64643139613164313135616463663062303063336566316435623061333337333039633864636439
62393263313033396130336137366163343234366430663564386332343362333061306334363765
61313365346132333538666331613236653930316432383266326131326566313534393737306130
39653361333564633734656336303866613962366535333234353435663732363764363166643937
30313831396664343739353231663134653362353563653262643631623866653966383738313332
32653739326637386234643539396132636639313762373262366538366333316539383062646563
34353163306533323364356530643531663262626330336333633463363036666634396534353535
64623430346434313531306166623931666236326666373965333237333137396234363565383433
38393231646262373561613262316261613935313932653936323263346162343261326134663232
33353965313437373832393566626139336563393034636666343066353663303035633839373038
31636334396438303064386466653437393330396331636266383330383962373538333538326162
34633863363430363530623030373964396339333032363133663630386364353765633036343938
63386230333466656262376566346638343534393166376662626263333031306338323139343134
36336566376530616361316632326330616330363066366264363635396331643232316433643336
31306537393466393935386562366336393063316631353862306166343431346635336338623762
65613731363965346162636134323465663364386531323165303334326366333739333065393466
61636132383331613135626162633232343738653532356266346162323636353361323734626638
63643964366266336136323839373832393331303561386364373333373366633335373035376265
30326636303930613235303039666466393239393231376238616231303532626638613439306638
37313936663631313032323062616363343366323631366637386330316165343039383261613738
64393937623462656330313533333530316130313433613434363135336363373633636662303835
33633234616232656161383866356234323338333939653166366561653531666636666235303536
66386262323431623965623836323839396139383333636234643335343434356536316536376633
39323937313237396465616136336630346232666633316235366130343064343632303538396364
66333731363933616134393037346530633231663130663665373636663237626337636436326463
39666264336132316533306464633363336439623235633233366638373339376634353765616433
33663130306234613661336163353430346565346362373861623930303734323037623765633439
64353131393231373364363166656538636133613561336137376639663039313234623635623765
30343863396137653338363562636536373034376463336335313431303264313833616139326166
34383964636566623732323633323537353034393963346166373231613631313762383666306534
64393165633661346262323862303862386535646533396231323365323339613662623433343737
63373139366630613366636366336332373235636638633135383662663332343730386161343933
35626661386437396666393164313662646231306634363936343430656638373739396330333832
36653666663662643939396233613839663337363636373239356565623239656537616233613737
62346462653039396531653635363263656434343735643233306565363932336361343430326430
32653333346338396338346335313764323862633135666131383133316231396166303066333239
30376634303435343231653433613630653933353738626261316662626630653063343135643835
31623931303730663531306438393733636165353433653666353730633966643130643731613932
37366162663665353136343239353366663464363062343433643962306666383933663064326262
39616432323439643966343530326631626533393838333633363932343463656161393036663437
64636336663263643165363739333430323731303365326439333130383761363265626264346533
38656130383530366239333634313765316232623039623436333830353433373237346332636662
36396133646163373035633032353931653138366532373039333033663039643039306662646563
32323038353537366164393334353566343532393937613738386233333965613038343333373264
62663330633066336234333937343262666438333533323236333339396161383763306232363835
34623138623131623766643565393330656566353031336561356532303531393263343736366264
62313939313031633633643365633965633332353561306236386463356362333336386435636361
64303866613538383134646365316363396162393261306266616431626234333732323030303337
30643835373362313437386262363835333362613965313965633539373338356562353731313862
31613431633966353533376233613631356537373166656363336635613736636331386465363731
64376431666266353766316535616233393465366139386632663733346462383031396437376431
36653262373966633133366333333465356164613061323062326166653831303530626332326239
35666338323465326162386265323738363934326134326431616334326362356262316330336337
39366563363366343261616439383039343562626235323238643762316333343661353261353837
38363036313762303836363462633463656433636430386464663632333336326138633335363661
62316237613335333561663565646539623136653436336330653164376563313638333030393766
30653736353663666463613262613637633439323430626632306463313930363039666235383061
32346663316334316537653536613230306632373831333139373538623561643632613566343633
65393161643036666239623539643333396331643237643637353661313131363930643635623539
30363035666534666330353332303662346235333633383339356662633233366263353334336164
39336664626430353063363333643466336363356237366537323662303762633735643933653339
30373366336139343231623466373730303932393037633764646438623235383237393232363035
35396330323738616630313964346431613830643737393734393865393565383266393565393561
64663137646135646433343434323439343738336434646537613334313634393664626663373835
35326630396161316362396161383630633034353534646165636166346232396338646531613965
36396162613634386661373731656532633732623662636537336430353836373938343530353338
61356534323266646437333737353834623731303165396430333437366466643335646361633966
66333236636137363162633238613736666539393238363532346435326334366463383034393461
32613265623566366332303866366635623437396131356337396330356634653065353736616436
63343632383433646637646261333337613138633566663161396233326232626637306363306134
39623733383062633161363966313065336265313066353565326337653762366530616235306532
38613034363335663636376432383038623833623337383662386462353432663361326536373663
39303365363432326332636265626462613832653233326364393538353138343465623033633362
34363536666362383030346438656131666365313130336161363439346235373934386239303964
32343933383532373436306336653438326539333565666631613933366233613664333262303939
63653562303066323331623331346639366331313862343831353736656237356437383032336663
33666566616537633934633935386264306632643866643936343831633430616363373639623038
32646563633164353165636464373566333161646563383165303238353765316139653065383864
35633863363365643136623531643463393533626634623030336263666563666366363337383665
62333662316164636237663739646334333961356465626364663766326232356364353937376265
65653231616634366165663538313139333165316131623434386161393438366663383861316566
62643733653963386662643366623633346236636230346464323566656336346363
