$ANSIBLE_VAULT;1.1;AES256
65396337346134663130653132336165393031316165316139373532643232356562626438346463
3666616534313363663064623362633633636563633865360a623561646639303330353862376233
36646463623136343164316664613839323163363866653132303164366439326639623135333637
3636653731353435330a653861383761633730306636666430353164343563393934656566363431
61393231376536316234383734653264306562386266396534323032336561353765363731383863
66623732393336356532333630366331323637623062343331316539643861376433313236646537
39353435313130613232626634326462383331373761666230383132383665616130656365623833
65363265653261633830323662386464613732363233353335373936636139353362613231356534
35353934613863626130333630383063333532663561363430626362653538363332646530613666
66353432346664366434633237356338663335623236306332336365623834653836633762623263
30643537633934633530353061393233333736636663353237663261663265653631323134316536
64636636636261646139313064376338383530643635343066333063323161356338663161626235
64613437383563633031613037343761383831663433303963636238643662626162623263323565
37326566643833323536626237353635653861656165663734613336656439313761663762373264
63663338373837396535393961633737353239323463623537366131616565666332323262643533
65393632623364316130316330393466363462303234626337306362353434323530356562633036
63343738623630306132663861373765363265313761663836343932623362343965353839316365
39346365633861306665346238313831653139306635663665343333336366373132323236366333
38353537366664353762343562646237393234656334663832613134653537303035613235623634
66333634633435343133313331356435623231343362396161623830633166323233643031383962
65666239633436663931383930616465643933306662633462363862663836326630626361386261
64636662366230356439363830313330396165366236653366333734326330346533626564353432
65333334643337356532356566323431343765306435393739333963363231323637316666376665
34643362316466383039646432383263656236346633366139636532613334386663316633353832
33616238663835363861666334653439666634383135626433663763373738373162663739363130
37333538646166346635396534343664373863313964646266663432386134653233623365336363
37376531353639656635333764396166633835326533346361663262393937313238663431613666
38323533343965333566313532303661396164376463313039666464333266373239333764623363
39356633393535363039313337336264363332336263633735373833383233636365623461643366
61366536623965623734326231383361643538626533613333303561653163316262346337666336
64383239306239323137343932656264643763366635363063313933656265396236666239393534
37643566336266633561633337343261373465386265646232393565623737666635313766663765
63373036353261323738343130306563386539663165346536613234306264346630346633363536
31396562383138393039306135323438613365666561316436633064643230316362656538383530
33626633383534353966336334656663313864396634653530646436373162383031373132633862
61373239653461343239353633323666383237363465643435316135623837303761343730613138
39663330353730373833646336323533373765336336653232343636646265313561636532353232
36336130623330663662646235346565333237656665633763363465363164633763633065343161
66373439613933633361646465393738323861343961353533393735303832613061383265663263
31626436363739383862646531653465663635616433663962333062303338633033333665316234
38663732623666643362366430646133613461653962663032613535646231653034393464396134
61306534633661316661656363313063363730343039376561393035383865663532303761386233
38333334333436376330373730336632323230316230336664303463656465653532633430363434
32646331636530326663356363643261643264653661393564346366633535313738343965363432
31383934363261366439643063333065633766383232656233663034666534303437386132356464
36636631613637376433393062316430373263666431326461656261336435366663316336643863
65383633396362396439353130303762663963326133353237633631363734313534616430343163
62343933613734623964333265663664333363373632323966613661316364353138636339363937
62326431383362616361313264376266366338623437376363643765653131663364663666343236
36666434316337616431373038366131313838363538373862633139346165333638653165636237
63306564656163653633643031306635633832623431383233393466353932626336343462356537
66306332383937656230383235343464623166626439643238663732333735613935643862383763
63316230393930613237303530343631326130383832326336313335323462326163653061663233
34653265653731373439633535353833313839653665656635333638636335633236623462373033
39663433636130333432363765366366326163393365656333313266646330313438653632326364
34396433393061356531643632343761653964326261336230396531336337663462376234616562
39363666353634323564636436336230343665326136663936303839366363393630313764636133
66303837336466653566336232383534616337643637646365306534343934313665653837376535
33643838393536363264643638633037623631363535393539623861383635626231626236333935
38376635656261303464613833326433363139343134356332613536353662303535393734336464
32383730306261363633653832646164623031353265616433653837333937396237313832363536
30376231353139306435623835643366666230336434646466303462633531623233643734316464
31346335383638343138346163313864353933376232323330303231383930306137383834376234
65353833356365336237316262633439343838313132336366633732303837393966653366373166
66633230613534626338323338313234306233346666396134383164366533333032363038376331
30306338353731346263343837666562643136316234623735363165336235303132333161346537
65613263643339313166383639333631623761643965666366363963613462363136383365656531
31613335373639393039663031623330303638383761356237376462383930626265333637616234
39653233313830356230373064663363663361336465616364313738373832313563373263636538
31303135303636643066323037306331306337383234363566356436303832333134393732316436
33656230373436396232326338356664363830323534313133353362303136616539353838666135
32303931306362643732383066376335373133366465623266343566386538633433336332623430
61323235323866616635363932313836616630313562343764653263393262646462616234303165
36336533323734636634393330303237353263383739653363646334336133343065353365663338
37396539386166396464363131633131646431393962666261613638343362613239383933623833
31336663366236333363353863633731613538626635303332333665663038643339663435393839
37346536653962313762313833313862653961653439323261376636636237353631663265656338
64386463346437316636306566363631386537373139343333613831636236663534613462386631
64613037346131643964306664303262656338373730386430663133316663663833356463653038
33653231353830353862366663326331663761303064346665393939376439356438393665643733
62653161383736626538636639376530376534663562313135363933613531633937366232646464
39323665323862383863326634626365356632303130313561373838383565363063666165653862
31373033383066313866393935613565373037643339376662383863633239393232313066623139
62333038663834383361376663346539386531613235336539316231626265666231653565336638
64616138353266623663636466653330333938336261656361363732376339386365353231333932
64353238333062336439643330396333363462666262386231326238653634386666306565653939
36643235393866656234633266663332323035386233386263666466373038363035666636383834
33306631613066306238643433363638646235343465333130346161363563373466616561353830
38376265663430333335356261653466323932616364623138646434623734356265
