$ANSIBLE_VAULT;1.1;AES256
34363231623732326530326633356664346232656339626463333634323539626339356562393763
6364326536646130636235333566613733373234303031650a343831343636633039323334613761
63626333373061363534633038626233343162616439613734656664343531653438636361313862
6439343737393236360a373031313935653433633039396566356233353832343233376137356162
31376130313563353161623064316362623464306638656132393939343465346432393966383634
63646439353361653031356339653130633639346431646535346438653866663531386430663263
37316339346331343265373966323537653131363537326537616330376237363839396431636438
38616331326137316265613561663534343230376234646561396164393361396430383739643535
34613061306431653136656335393939383866646562366631363632643164633938356234396430
32316638393634656132656439623564376236336430643764383763386261333939343063343566
64663037343332393036323665633134323139633165366238623264646137396163666439366531
30623831326264336163643031346535336133326461386635356466373137663864373130366230
31383630353038633431316538386336653633376438373561646265303161393638363237623337
61333634663738306535396564393161636536666530363530363034363733656663396538663139
61633932313638333039353234626637626233633231613031666537643432643463623362393434
34623235396161656261336465323161646335373466623265343633613062623832303261646565
64386133616136643433623234373836336561313238633564366663303362346635363034633964
36623865363334636162316235646565616233623938643236656530663331396238666232386666
30653037343638616130653937623664373630666235663135623236356434303263366565393038
63356233656533666138643032306334343139323033393038343866306339343731393435343638
37633037666161653764383864643962303661643935373266653331646438353730383462323437
64353663363165626433663366323539633831373030383566333336623133386539616232316534
34376437373537356534353536383664303134313436613265333134643566626135366330336639
35653137366632333965373362343764613764343966663666663961626632656235623135663838
38653366396639316438643431383639383539386232303261613064363230366135383632346335
62363066383639636237623862303866323431616364353632323331613836656162376663653964
63666164363036386138363462306233376162616265653431623234616130396437316561386437
35326231376633303337613438376165303864653430663132323161656334343564366463393334
38346563343931346165626264386662616166303036363036316534353836373739366234353063
65366165303236663733393531383038343963313939633339353966326634336632306239656336
65633165316164666130333538663332313739386531386532393963333432323635396639346337
35396433636233313365643934333766663930643464653566343333313363626366393664623433
65313861363438663630653439346561376563356134366162653163313462363865353562356632
61343366663462306631366131376536653665333037343562316464303763313036393766633235
32303766623732313163626335663633336166636336376663666233376537383638323038643237
63613363313466666264663139663939613765363165316665323639376637373139343036343234
30376363333138643263613435393736393631633638363930643065633133336262353865303565
32383937376131336262396237346132613431623130306166353764383335653733396237663639
64306430663966333166643036643838343733363131373934393161396266386534613661323232
36353864353436636130666334613738623834313836636665383535663537343735363539386433
32323834323533386665633032376364343735353436653139333632306538623166643264396137
64643965383734303232643733383838356338326131316664373531353434623633383833323862
33343939616531396563616634393963306263366363653366336638623063386263643838626436
33666363643432393666383862363563393138636661353535316265646263366631316137336136
36623461376461393934363336313137336439366330376363613137346639343465626532313363
33343535643338333038373131343830616165373238333830366236613639376239336263646639
38393736333739316163333166643963656439373631336534616430616438396235633831376434
38666334326465643766356630316365633565313537613662363261633237626634663365666663
37303464666136636365363661656231363338386461313333653866376565623036623532353137
66666336386666376265616434636633303337313166336564636130383136646633656365656331
31303731336235623464303038626333616366656565313435336435303939363265313364383036
31313734666233366530663832666665396561323562613362386364346334376339346536616333
35336263633664643833396434666661316537666161303339366532346365663864356364653536
35376562613138643034623536376231346166393865396430356539633838626665636235306532
34316334356538333030333336373731626336636665613731623530306132386465326439303838
35386137616533613536383537366533343839323064383330386639393962336565663661356232
38383762356161303631663161353937326530373862343131356538346236666534396365646663
38386538356562396665303863383136346435643938346239363937343537343434346131623831
64653139616661663631323462376236653333316433316232373566313030303366393262303134
38313335613038633431333466616535363638393436383961306365353833356161356139613866
30643137366337303863353236633637646264613338376332396564613162663932613436363966
30666337393536633134366639313962303933643534653439356130643335383064386438326235
33306539666638646138643434626330383965353061613937653366656637353338663931626362
33653761616631383330643563633466663437633234616334376163343363336533633633663738
63333936366238633935653739303862353366656234363239333137643434316461353532306462
37643266396239306662646135386638376639373264623539386133616232623835326637656536
34353130356366306130666332613166623733616539393339393066386164303264373131396231
66643836636438343139353333616330636639356562313261616333313230393766343064633031
38633931333964383139636635653839393365386538323734616466326333663766306237656465
30623464383661336138393064306133356461623637663661303539333031333564653335396332
61306130303939346561323464316131323165613438326462613964623233323561643134656566
63323634303735666630656462643666383739306262326536636435313663643934306565626230
64333637366534626161653262353561353263373964353338623134663035663331373566353031
64393363303130306332616462383066373264363839343338613932666263306339613931653564
63616139373961356262313436616461633863653163636135376230643733383665356463386535
65643562666261393133643034383562313532333932336636616162663265663563613139633065
37653332336233623531386333356565623632623235323763663836333836333036376131353435
37373939306439633062356363663434343538376264376439333662313836383238326433316665
37333264363737383233366231383937303136356261636339373237653935326637633064646162
63333135646632356165313938633238333738343062666564633031353463353233363362633936
38656164346434393930616131333063353430303663656237643636303236323063653835363836
30303464343833646439346235313538666636363630633635363030613962383762326132613730
64313637373339363532663561303638373930343737316664393838323630356666376561373763
66326131333136663536386561623435393638613934373461333334323562386434616435343532
65373237383539303466366334633238303562303330313933373164656161373039366163643062
34303737333536633433636162663632376139616537326131373735353666633531383534373061
65366332323063666534373865393735623464356631323932326532306438376566666533353330
62663262656432323337623936313637343566363565366632663535386430636238623530616363
36363835646239666139323033623361313737306532636236643464666264373266
