$ANSIBLE_VAULT;1.1;AES256
33633139383337643837363837396535373532326266373236646330643631306462633132643435
3963653139633665626634373564373438396534303964660a643337643662336662303063346436
62653039623064306564393462396165353637623938343161326331613662333665636631643333
6337643130646538300a656364623232653437626266323832306332353538643736363532386162
61393235303331633739326338646139613832666433346131626666353738313761643833346365
35383338396236616137376335333530343936353931396330306261353835613066383165623732
65396235663236316438616132643637333463653733633638393139373739313665636534323433
64333662663231383137643561646562313934356562366130323538373536663934333761303038
61396263353462353762396163303664316633336664356362346462363632616137373966643266
62653866336636396134366333313534373564373261663065386233323035363132396163363338
61373931636135366563396632346536323839663662393939653038626631313735383238363265
61366132643265333565323531353263393835663539633936616133363165326464356432316134
36626433313333306662326665666563663865616262366666656135666535356565386464383461
31366530333132373561386134623531343162666336623031306262343935646237393539363632
39393333393238633938613663313765623738363361663162323835303933313237353536636363
30613664376532376535656562373535386532643036333862373666343733353361306335363736
30613333643838623065343739353333313138363366353366663134623538393166656565663861
39313434653931656537303733346166653435303734316666303031326266323466376466386265
37386535346437376536663761333464363430376563303761623564393163653733363632353465
64646461343961666362396262633366386433653935363739666135376234636533623936313963
39636165313861636338316265356661326562643934643332616565353039316635363865353137
39356566346536663964353030623033366534333136353436303663336630386334653763393633
36653431393862323938343364393865616163363165373633653336653138633364333535666462
62623062346166643161393738653563323830623930373163636537336465633638633339626363
64363366623866306634306536376363376534393861616365633962613261373565313661633235
36383231363338663432343530623135353762363131346533323939396234346535626539656631
64336235353864333236353830663163313165373265323434643065326166386465616162343037
32613838333632626439323634623963653036356265313230383561383432623463363263373666
64346636336334626134383535623034396533643262386261363333353337623637316661653238
37306239386362363166653166326262396333323961643434353637353136383839613264306637
61616137343766343135653632303631363634316430613130633934373163356637356239343739
39333639323762343337623163653164356361343839663438386430393232643663366461306131
33393137653330366133613939393333363936376436656565613461326334323831373961313433
31323966353336623531663234633936313138386466363564393639373330623364666630306139
63343338636636643131653363623035646331623639346332363338323136646562323836326364
30316633323162383232386539643237306565663462343637356637316333656235626566656266
62626564303963333262393266613330623433646639313530353230663862333534326161313766
31323131353363633433356166333762306436616263323639393931356434376265373932383535
37393237393866633432373139343236666330656437393432353736633339636161313131376564
65383962353933333364666161633063323361313365396535663236373634656335306132313138
36666632346262383734663665626333333065383133373766333331396339663236633237636261
33613861623938643266326633326539383436356164316466346137616139303433303234656530
36373465303335383334646637323362633330633366396637386131353331313138613835363664
38333864613831326439643638326631393534666634663830366630633539636135626263363637
63343361616333343035343336306330326262353930323163353930396661303432613963633636
34623361366563323935643365343335633539396461326135623235613739393533343032653736
34316336636263313732353934373539386262373530383435393865383865636137633134373130
63313033386531306633666337376330383634323032653037346635376463663538363565643939
65666534306132343961336330353061313633353134336437313062326637303163383861653532
32353533653130636432316133316662333039363632393664326339626463303263356331336162
33653132353038336138333630306634666434663338376535383363326461343264356336616361
34316432343232626366393262636333326137633265663462626564333930356532323539663533
38373035316366373230646433346535346366386262616236643131643530353339656135373330
62336137303765623032303762383738353561346536633932643765343039303031303865346332
61623735336137346462303664353064363865653230366231643362643331643936383063623332
63636464353766326434396634363662333233626530303461373062376231643534353936656664
63343032653638663462633630643131643238303266333632323566656132643165356530326430
32643130356465323834393633323631343861623561663862643961613838323634653531363565
61366362376637396130333830386431633561643232366339306439663031336266343730393533
38666230346531653934643166643539633832633137363064623864323831353531646532373735
37376366333634323131383565313532383437646139636238366563376662373538636164376133
35353231373132616366363164623736303762313030653763656466396231653432663165356530
30383463336433376636313333653936326564363731373966396663363132353966316133356633
38356133303462336465303865653835633838363938373166623331623439383061323630323766
33376232366138396562383338613136363336346535626439646431323662336235626264613962
39643766666330393764353565373037633962326165386439393033303539396565623236623836
31346630643261313132336161663239366164666139333930383038386339333831346435373962
35616431383661303830656631373436333263333335326364366230666536376663303237613031
32363038616561313164633962636464303339393761323061653632643537313331386533613031
32636161623963306365386630313162376132353966353462663435623839366437326466623466
38346362613764333362643033633037343838633230656431613936333566613531383065376636
66633461666135656664653236353635386465396537616236316631656635396430343833336331
64663135326162303630333262346336346561643539336630636433336339653464316532623938
65666265383331333639383761663135616230643230666266376365643935663666663930623530
33653633393533626635616132393838383234383933626666396266386537653337363261663135
39316463623334613866386535303333643364333866646561613835366361613034616439626364
35646666666163333631623663333563303865323435633664383562623839613231373132306338
33346534393039343830303132303339616163633931373838336663313337663934393831626563
61336161396635613433643461653431663335366437653365323266616633636364386630663166
37636632303761353838636130383665353835653261663361626330626438353666613766623764
30353962306166343539643932353433306538633764393532666636313330313362623033316639
32326463383632323364313438336234343234653338376366313231613130333439306439306261
30356535623465346337646134353131656466386631323466316662356564633761643732323061
65663233306634393639346338323838636237373335336636393138616335386563343036313638
39343439376263376335663666343733363434666364666164336265313964646266303634623764
35613437623333663061373263616266363461353034316162343539383031346162343739623132
66346165656335396338363537343739653134363936613135636166323731323935303839316535
66316565346661633937616461343666356161633865646331346137373836323664636432393233
30333564616562326236383263306532346234363332323136633832636136343434
