$ANSIBLE_VAULT;1.1;AES256
30626332306639396563663962386534626136386162636166396238613136333463383465663934
3061623639653538613635623766656139623430626635640a313636623066623136366434373061
38376361633139343366643134313465663831613162656162643637666236343664623930386663
6538313365373166300a303234353836353735393461396464386465356236353334636662383438
33376634323633633838613231353162333632616632636436336635376532626263333232383165
63356462393865623262306161366662623239376532626434613062636633393965613839383936
38313738336565656466323064376132303833343930653335343562363237633866333934386530
66613962346265333563663366316662386431653264623032373466363966386432373630353162
31636434383735353834373534353765613066326664646434333263656631393035356238616531
34316634373931633262333062666164623063396336613630626561643262636539383464323735
33376538633464356230663266663233326564643033303465396336623266346538303963616161
32663463613531343237303965323034363033303034663530363934663630336136323265623866
36303563613232653035366432363166653263646261386566666465336364326664316262326465
32613864373831653931393061393939656636633332633465363565663233363866383461653439
30356430373161363861666366353333363863623231376636396164643236393037666439356663
61393936333832383038623362363338616138316165623763316462653333633464363138376563
36643332343738306335616165383736643632663162653030316233623931373731366131353035
66666266306430323832306365633466313239313661353136363462383136643436626332633164
34376262333637393665323166333364643534323864303865316131356462373063373934356236
37643033303330393061366435666237366530373761393766353938646431623132666536343336
36306238663665336333653635323338333965616534646162353031306534643434336364653331
66393839633731646635626539313939386362623439313262363961633763613138383934393935
38656631303161383632373234393034633561653536393865636164663866656632366566393735
61626561363434346264663436306432303262376439633261653133383764323533663465306135
34306538366137373864313636343031633864323634303930356235616637643132343264346361
63613266653233643161383538633734383163363131613065323162356232356265323361373231
39323865313139346338323038383833613361323537313936633638326566623839613063346636
38366435393633646130326261383361356366323232626138303331656430316237326236616365
32633237643665656430363336346233383932303133333930383566663337653038663231643035
37626637376233626238653738623134303062323762656165613031323161613130323561633966
34666665326430633164643833393661623262623239616364653231383430313762363161663966
63323735336363393664396562643239666637626339343935393734323265313631643934666530
32616234313735386263323933396661626464633566333335343335623863356635356566343433
33373938313937303634663930616438393566336363633662383239383731326334363166353066
66386635356233663738353163313239336262373435396334346132656262376635646361666133
36363038333830333563396265383337356532316335356230303363336565303337623964356632
64623666363732393562666564363766613162396334633836643866323235336463613738353931
35316566626631643030653139393663643934396566643631613836306366346331336464356466
35383763303735386164356533386531343862393362333835356633306234633762326332366635
64323137333764366230376261613434636238313063303664653035373739623963313066363332
30323932386666353966353135623132643333616565363132396432613638646438656463313336
30343633373530393339313066316638333363316138633730313964393266386333616136633537
35633132623665393435326132653362303165353433653361373961373364393933363138663765
66353962346464396137626237356430316263653933366465656138613266653938616638336436
39663465653363656562323266393463633931393062336637396230613332376363363966386238
62363766653565343936386230616366633563353365393565663532396662303765333134313630
39373832383736376331613665363731616333623638343136616166363938653238373431666265
63646338313237303339613931336432326664383333626162356266306638363733646234636339
38386531333036366638626261653538636666303839383930383965623436666634343936306230
30336364333962336664646638663635613261346432396561316637333461313561396234303733
62663734363833646665333166663064346633643863353331383064636563393434656634366435
34666438393337343036336539313730333936353363633866616233396633383735656139343930
30316436643765376536616436653865623532393664623639303934613464356664656631313534
32396436323561663761343166386632663162333462326163343563303833346434363839633632
34383639313863366636656665613762326266623734383961626431383864636636373935373531
38323462373163656663326235623663373464373037646338663930633264323031323133386231
62653836373862396139363536373431616638313135326238366139636130366637333838626366
37633138373261623137316161363066616339383963373333393732343565613764313236616135
34326531633364376433656130383164616634383263316435386537316436623738613236393964
30343132623363653266383831383836353233353530386338313630383432656166386638646139
37383231663663623935313231303635383566306137643739313438313965633137313037346261
61386238363636613633303432666565613736653562386532616431383630343337333963363639
30613833353531376162343163633061303762303734346134376436313965656133323630636431
62616136326436336631313533336132653931366663663337643839326263386366643866623632
61326238623961333634623835383531383837636266393233323564356132343966353336373935
36366139623934623263616231633035353831376533646663626536326235373333326235336339
31353035616438303336316666323862323164633538333133323232356566383739383537303731
33393939393736343831323966656666303334333530386334373465393730313035353564666437
36363838383132663362613230333538336230303334306561333639363734303439623733353032
63383062326537363065633038653137306334616638636663366366623165623338363635363466
36376532313666363433386563346237386263613332383665336661346163663534323639633031
32633136633763306339663839633964303335366462316231666638656162646333666536376539
66336137393638633230313961393932336633633964373734323866393038396530653534376431
34653638313263396533653633313433313938666136366561653633356466306335623535313232
33393163306435633330373064366266666431303366613230393637393765343237613663336666
61336431366636346461623361653465393334656465363233383563383866613132383665313565
35653336666662346666643234633731643539396430356662653636316539383265383739663732
30613831333437643837633638313837346639626233633936653965373232653332613036303039
35393164636431396165316236643865663762333036383232643634383534316465663564343334
31666234373335333465333337663532353064363935623039346461323461396464656137626232
62636632623365373464613966343839333464613361646263663732656139373234353030633436
34376637316338643462376135393130373262373931363262646131303032393636303132343831
66313439326136666537623636663535646362376136333138616139353966336639373235346133
34373131346466326131396465333933363335656663343239663966306666326130363232346266
30316130323135376535316337633333333633363332356432643638393939346462363932663539
65353762326163383437626537396634376263303864346633666339616139633038393534333463
34303633333234353762613937383861663138613131666663613937373233633531633665373561
35656663313765623230636633306632613638343764333432373565616632383238623737383066
64313233383663623366353134393236333834303231653230303361323764396264
