$ANSIBLE_VAULT;1.1;AES256
34383364636466366134316632336431393863313034653839323463623961333937643330356664
6533666364366134366235363863616561336364396237650a353437356366656133636431386336
35663738633139306638643635333836363231616539626434666634623532323964323832313237
6130356165643932330a303930393130356262646561623830386332636461326237393935666431
64343930306330326139313563653264353164643031323866346562393565613734353137373237
34353536306536633331616539333833333765623466346266646264373732346338386436313134
37303362303762376536643130363965623231653839343133376466376634366336373931633838
32393163323031336239303130663737323732666133376163363730336362663736333666396261
61303931343334376635343735633733633564643236323534313266616439343361643331356433
64316634653536323430643263356239663061636632653634396239663431653431396565366261
34613764303031393632336530313433333661656539623365333561353131383263393630303961
66393863613462613765356665613665396365316666643866396464613164306561336663386439
34383265303762353835643434636334663262323138633836303365363563306364313433643735
35383237643061636563633833663130633236353136613433303331346539656466333162626134
66333063306135333163616563356362343330303832376463623965333761373134373535656132
38333130666562636530393136633837636263333430376136663036646665343436663132393461
37653031666139313262353538373632653735623062393338313965616332313936353438613638
37333135663666396235653939303163613730373933656262323965363032643238646230623134
31363236313564363739336335373337386464613366373864306162653036366366633339323333
30343666633564346365396634623635666465366562623361626130396433373637323661343966
33383964366536383930303831343535613736616639656639363036353035303030346637653563
65613539633861396338366461376438363534353266643537633238306461353264393566336531
35373136313439323239633366656163306666393136353438616265376265666361323336663964
31306565353331626361363234333634663136316639306335623033386162326264353762373630
38663534396330316336633237643361653431383339396130626230383334306262663565376363
39653736303336336136303333646565306235313464323733323733643566373634366563353338
32356539306234323930663938653937343530373434656232313462373535383161613432626236
37633439356366623932316261326332333031386164633039623839316338373938626133363137
32313131396531663130393865663863346566343232386130343165656436643362373565353262
30653731356232343733613937306532613163633832303435663730643437376265386530353964
66393839356331396337663833373939643636376363333865623332626535313634393135333736
38666632326665306466336632323531386134383832383762333364663730386130303338376135
65313134386533643931343334646562646565366664333734366430356131393262616261646330
32303938326661666636616265373864383834666638306635653434346662373631663866366639
37346334306364353239623365643633346539633035396161653336636233656538393535316562
37653161633633336335656434363734343633373361326662653461376235383334353837633661
39653739376633346361333732323230656663343865613939316330663666353438643062393861
61613433343134333838313164393433366436656665343966306363316431326436366332626334
39303864613336663865366539383838343061313634303333373361663663333364386166616234
65636530663633303439626666323530396130383338633034353738623533363531653162376663
35376232333461396164373336633331653532306138326335396437323265636462393532383236
63653963663865616433633462323234373136316430653538303165366233373264396535316430
66373234386562356437303035396237666334643166313737316236346436646333656637306132
65316636623064353930363265333765346630386431613364383661656363376264656533353261
62643534393765323039636464653234326561386237616364383836663034646463363234356563
65376432383465613834643034363265643834656631373161393633333636393866373564306238
64393735636339303434343536656431313364363837383266323966396333376632666364323737
33663831396233303266376161653537626139626165343265613865383965333965643564623834
31333864363935646135653430333463333061656163373938333432393161313761383438306338
35623037346233373139636230346665316565623466356634623561653933363530646134613239
35653564393632383166656531333564643165656363356433316663313864336265363364383461
61333435383535383362666165626463353035363662373136633537353536323137316336646432
36626466636533633462613432633438306332393635636534303635353135303264323234646162
37633862356262613165623364613734656133396430333763303131306130653536393262666439
34643239396632616466373138356631613830363561313638663463303936306631313464366432
30666561613961353335626337613734376266306234623762663534383237313831653163393366
30616464353165303437623863376135633333353663393566663138343764656663373164393435
66303036623832366536333063326339623139373632336438316530663766346566633532646333
35626638663362643731653062366463626430326137613832633134626461613662626436386561
64336333333361623833656666396138646630326534303337396364313139623637626231336664
64646462656162626532633237343963303766653038396630666464336331643236363431306438
39613562396136356435613034313938313661613637623131616263393537663364653734383733
66366631316466626439333266346635333461343936646237373932663161613263643332376437
61623732623735386462646265393263646230653630306530636130393863316365643165313863
30363035376562323634366266393133373665333033323666373836366665633761336530303936
32633038326534393136306632353465613831306230383634363735316564623239626565383633
38666535653264633938363138383331356330333330343933623065366230306266613732643836
63623231343232346262333162333139656533326534363465616538303562393866636465313566
66633835313532383032343839343238633733666130356136333437666137353938613063383964
34623165616135363437306235343637346233376230333762303439623462306431653032356330
63633763633734613336303966626136336662333762363563653962323561633630393165353832
63313934366163623966333434353831373731386263366162363364313035383636663138363630
35333465633735373736346162343738323638306135333462653634643932623434366637366239
64373330616530633337623134643461316438623031653733646365323637643934393236346233
36306264616636396362386335306262303762653964316362363765366139336232656131643132
34343062346130633166636266346430393430663866356533373231366238383932333239383633
33306262373733643232393461616633616561313561313832663764353065306261373961316231
61343461336531343465666131393465353638303130663962373335383062636162633334386239
38363165343330333631326235646235663261653065363163343238356432336136636232626661
31323339613636653934316362323737356436623864653166313636656537623033636135646462
66353832613935646231633962336531663866356131316539326664376131373634626161383835
61656366343732353531366338303464383634383965393265313166613862666366636233313136
63346462623639303135373535623133623166326638353166653566313737333166313664303235
35386231326263353632313736383931323635363862363033316139373734326563396562666461
36346330626263626661313839303232363261366631376563616439386136613037343736626333
30666366323733333630643436623336323237313735393865316336636431383465323639363063
37646361653033356537653861363935303633326462396631393162316530306639326438383362
61663435653535313664646363616237383238303766653662383766326134613162333761323930
37356338323165643534386339383963653639323962376133346333333537653334
