$ANSIBLE_VAULT;1.1;AES256
35343831376435623436393165363363353236386233616532336432633261303937373365383730
3738346164376161316530616133653566356162303135300a653332343538356533626138323061
38663038336335663061346134343332313533396162306464373436633030373233663662623038
3334666435333338390a626338366233363863353762656136623165636263353033643665383830
61623731643866616664633361633935353433393663376461383061376133633635383135366239
35336635303635623739373631313566383236393238383065383538636538653563386561653430
36383466633830613332393364383666353036616234393764323730353664346636313934633638
34623237373831316433306633656137623235643963373438666538646136633638383738323562
65373662333437363364346264393965646430363133343439366664616461613034333531663262
32663831323066653137313464653463383163616564323065323337396339356530326664666138
31353866336264613133323433333736303039346465663331316233353539613866373837383636
35313138346434366338326236653031326436623531306566363763393133366664633133643363
62313937633533343337363030636162353133386635623834336335353835656463303730326332
31356435623237366465663233393433396639346362613938656161613135616563653339393833
63613232653932353463636234316265343831303261326166346632303730386139373162343466
35613230323331323933616336326233343637616534343634663135633330313539323863313161
31386331646535373138376561336464613538626365336635343737626265306165623463356431
35663261633237363139303637316633333537623835393638636665613166623432313533343332
36343662646163636235636634336266343838623532663231303632336237316162623663386166
30656232313735643531633233376137386365636231383766383232653364363139633962373863
33646164396137376237346366396435623834616162326661666335633535326538333035626437
32393061656233613432626464633439643065653835383063323362333232306264303335303032
35356535346135303233646538333265353162346263623438353437336239303132303931663231
38643763343737313530316434383237623264653863623564613662313563336535373062653834
61373366303835303838336231616566363264303561663439653862663739663064623632396364
63313665323730616365393333353932663732383838316566323334353363623237383264313932
66323636376263666233323964363235306239396434663934346265626237613263323664316532
64363030373866333563316633386564383030316561346436343234323265316362303366626465
33343438396636326238343838613934656335393432353035366533353333656433343437623038
33646164613935396533313931366534663133326535396535303563613261306630343463663035
62633438623234623332373537373261363637646362646139366265366238613131643166383435
62373366623033356330633563363661363964356334316534333738666365663135336366636463
33663766663138653661633464643366303663393438373462623033613139333564313732343632
66613065353239633733623136363235643930623135646634616263643838333763383534666134
39396665396265303435333866373336643136613266643637316466613765373937316365356664
36663335366239646461306638663431383765376136366132343935376233353530396231316235
64653565383632396362613539306563333038346436666635323534663038313937376564386439
63613233343464666530363732396631663061653139663735663763353934663666636530303938
65316533656336396239343966656634616532333265336337303463363135376635316662373663
39616264343533626239316365643031383839666362313436633130303134323466343430626534
31316531313638376463323333333461303635633130656433336137623963633937313565326535
66386262326432666539366337616264313630633163343732633763353039663561376333633530
32636261386663613337333961353538346664666364613534623061636638623865626336666563
32343038633033646264373433376462323232633739343436353266336332343836383531313937
39306333316365393062316366616339306533376434356163316362636566306336303432656132
31376231373739396163623762396134383731353166356333353664306463323363346435653132
61393035653362356265366161343764336535313463653934656662343636636564626537313362
65656332623531393739343735643133303163643464643163396161353165323730643939326232
32643538643737326337386561333930306465326635396439643866626133616262643462376235
30303338316131623533313235343561313131383165626332326131353433383438343764313635
65396433393663393966653661383163643833316164323065663330306233336364356161373837
37356139643830316531623532623638623732383330303533323036636535363237653632316164
61633239313936623334313934343563376166303762343262346461656336333738323863326439
63646134633532383862366131623165633533626133323236353339313037366531353632623964
30313865663039343961643362333032623836356461376432303131346534373364306536326366
33373035303464366639323231653331626365643432313430373866626234346266613433626662
33326534613538343633373861306237393634626563633863373031396362616266633264396336
33643030623463333463313062393861383165396466363633323632313539356530653331653635
34636332613631653935613032623136356530613938643264663862323864333432303237393836
66383733643131313430653239376232333139383730653534303164306434343639323530646465
63383764396138643865303130313234643061363033393938383465386433663532363261323065
34303531636438356337363462633430383764393265353435326338356366656633633630666532
36343730623639336265336362396365326335653437623866326434366334633437646361353262
65646161363036633135373964356130306431363061316564663337346538613537666237663865
31666431643832666163326365636466663865656131366163363936323631346338353665623665
31303562313336303234613662666434636238316234303234396165326531336139623961333537
33643131663765353865613935383964363762393430353861336363646264313639313966383637
39366435643266313937363165373361366530643434383832643061663531373063333535633838
32353538393363326166393330613361313766393533643933613132646264363830656661623765
31653363653362363661313834613065323731356138306633303934333830343734626465336363
65336564313537326563306130386531306335636636633735366331343339666431333763313364
65613434633335616365643636353533343139396333663937326636633833383130346664653134
35636230653631343765366333633036393236376532326332383463323831326466396336383632
66363330653938313066386464346630663330333437313432363736383265633335613464626166
37663162626535363037666333313165626430323061623463353066373834353266383831303966
31643337353364633333323136656661313738623531393465363334383135383139376138643233
65666232643664303538353961376662333333646435353763336263633831306362376630626162
31343661643132373834346662343232386138623066663436326266343437303964646431383263
31333430626661613666396536353763326639313561643663343561336338356234323539353235
64376338363666666331383638376334336366353265646162623230326131306134303938646236
31343538636238373134623934646263313135316666623764646137313062343662613038393664
32353731373561396130323836643830313030663562353161323865323462616236613632626533
64366263623332653965633364613131623737336366386639303235393632363439633832313534
34393563373131396236313036633639326164343632373732303338373733356635393732386233
63386364666631376664323265386332323338383335656634393664326263346661653964643938
66396162383562613164643239656266613465653030303038333430396133393763346336313335
61336136636565356233656534316136633937643762383337643065333434303438316533306236
38383663333531333333306234643561396365383131386333356664393639323162383339633962
34363261346133626664396566653431646634666565393136656436353562303965
