$ANSIBLE_VAULT;1.1;AES256
63336235343036346332306531616336363035303134646364373131623563376431376438663365
6433656163386336303462643437306535386165393463640a326133636330633338386532616336
64636265626130663232646164613263376637393265633761383761323035356232353132666462
6235366431383564350a376539326434306661303439393332303831386334356233373632373230
63333231393238663261396564366231363830626635306133363238316232373866316363306566
37376561653364323132353064656365326263626238653365353633653962613636613662393431
61333566613764353534333131393065643830613366613430383761656462316264333563363238
32396438323531633633633038326633643039353434306339613031623331653965353364383737
62316337346265303235386233393462353832633161653163653031376534356164393666623762
39383331393931333937393239323364653363653666303436303538316138343538613664656337
61633634663432383335323339636238343764613265336535393630353030346566663439623336
65323630376332333266666230333233386336313061623237613833343233326265353436623336
61366265623865333236323064333365373030633066383832363064333364323062386163653233
35636137363464646437353461396461623732313266353737376133663164663364353938383232
31313939633165343262373563633035306663633761643837626265313638326637613237353038
62633265383464643466323366626235386564346162656664633334343037383765616366373639
30646539366333613037643230633839376366313761363231356533666634313334316132353964
65326330363464346164333335643033313431376238623765623437303466306163383037646136
64356438386165393763376462373635353332316237363862646639303338323032646635626332
36313062316461653436383635396166376238653034613732376164383237616233623338366330
63656665656265643534383634343765323135303532396261386335643066653934353136633763
64373637656135323063613762313334366632343331343763333438396237326362383137306633
35623136653466636431626166663063303730336263363734356636663366666262626338303833
34623366633438626163306266623137386232616133613136393539303434633963333834633038
31313938653164383435333961366432363130306332303765353563326562626563386562643930
62366561306239663032636461386530316166383439333531373233633035306630343533346531
36666162333137366462396665633735333438363861336462306432383834663430646131633334
64623861386466643131623465393630356464386230386338626566653236653130656132616231
65313337653832383437663936626232313162663162353938396462646531643138393665346631
31373365316563326136376338323564383830356563373439366165363837613130613866366430
36343761326531666363373438303664663939663833313939313964633362376631643036376662
39633666326364363134336339666139623265633435363066306366353164383264653037663761
64383036343465313833366365616362383733653734643965303635333731356435353631303363
33366562636362633866333530343535653330376133373461323230363235356538653662333639
63653333393061376636373032333736626562616436346164363136366563383265393864363831
65386234323639643539363661636231383535343230386132303439383435633335393132653230
33356539306535663337653737306633663639376262653136646634396435393238323366363262
66303265666533313830376361353934303834653335353833656438663264363031346265636163
30623163633437313466336266313036303962663230636365643166313665656131366662636261
64313732613766326464663430383162383565643865643363646636646338623563666431353366
39373332633866393531316564653732306365333932326164613734343666376130393032316235
61663034363531323737373465656361316632353162366234626336326361666531393430313034
37663232663030363733303661636165623233303633616430386665313634393139376262636262
31353264303135303432653435356633626231396365643834323836313363323430633066616533
61383837363561353839373733393734643234353866663833653837306266356632346439643939
34306465643734393766373965323866663762313238336161333239386137633062376138303364
30636162636534653666363766373761373039323461393936346137313135353564333339623561
63376235623330626635323063646166623833663838336239613531393066636430333337613630
63613938323735636165373666373335333934323562386261366266643336306334343436653261
62383732386438343564613838626162336239643433386435633365313239663237366233643964
35353864313832363838376430613465626465343236353137323335383662663732363839396433
65313064323165313961666638376366636132653561373762653039376532333536323733386333
64343338373535343639323834343134303361663539653462653133386336643037306565623837
62333666613132323362326665316263623462626364613935343539393663343438643430663463
31643961636564633632393233353638613639333239313338363236643362306331346163643537
30303134613039326362616636653038626162643538303732373332303665653130383830363633
66326262333034666435373262656238613636666338306164653466623537643161613431336166
33663963343361323562656635333837653038393933336232353036313631343364663063386537
34386637363664376364373862386562623663636366353662316331333630643432626630373762
38613735393435373761366564393133633739346133643539363861346135343134346130653164
61663662346561616364383035343663303636386666396462363130343263346431343333313133
33666165306237366537636562656139333537663537306562323031363461623031343238666466
63373464643837393634326464383462336564393732333030613137303336303736383461366661
38376333353232643436663964396538613462653537343539373364656164623630333432616637
65623066323931393065313362363235316434656266326263663964333938386535373738646361
35333662343262633336356639326531626662306530666530633538623364666239373363663635
32343137383632366162363465356637313735613661333038376231363536363337616361643863
63666336333432656334396532356661363034346564366639336566616132396431663332343330
30656366396162366634316466663338333632663763633563396434393362306238373634626231
33393561336630613661306265376232613939646261313530666530653730346162336137633236
64356636616232616666663366343538373135393631633231333238333232633533393662306631
30346637386235613965616333626532336439376439346566373432353334353363623839633734
32376637656139353165333564316661666464383164626161623365353937616162363930643738
39373936376466366338646339346366363932353530376163386431656465363431333763613830
66333338623030343761653931316466626164373735346165373131653538373764646331616339
64326539663165363238313731643538346131663635646131626261626336333034646636643262
37323230343033663434346634383665323739626532386339383336356263303234303732373339
32343636616166393537316130656137646364646262643464623439656135356633356536363230
37616235613834633463623762363838613836396261623762646636303639393336353138613433
62633364376632363735316464396138316562613765626434613936313938393232646533323364
30346236323334393638343264343039386131623939363230623266303034316261613437323936
65356632353237653262306366346531303431303037373864666533636561613231636139383866
33373933616230656336613235323536353034396562346535323363666630323133343165323764
66346437646139666238613532613261306231653232663138663461346363653666316464323565
61613231376635313864613036363962356431656331366235626535383762383339616465353533
62326632626631323333613863336464373662626433366439613230383832303032643734653466
36326165346131326238313663633131353534323233303563336465626538383032386237333130
39323535643763303162353230323739326563353236346435383064646665633165626334666438
35643334653330643265323837646161383535356336616433646339653839666533
