$ANSIBLE_VAULT;1.1;AES256
65336436343231383035323535383064366263646436393632366563356131646635663135316663
6531616331396234643761663963343134376231646661660a616362333939646666323833323736
38373032336363646533636265336364663638333563383563356539656265656465376661616638
3839653865326464340a353133353838336564333034383131636263316238373738336631643465
61623534356362336631633930626165386566376164396331656531353239373035383465616435
64313738623735616234313036353861636634343365313566643137393730333936393162313863
30366231386361323532653861333636663461623235663634643937343830376634623166366262
39336161386637663961333939666438613665616366633666383238653736333836303631396638
65353261323033366666323336663466343630353266616339356263393333623530386234373632
30393161383461396231313562316663373039356366623237613230663339373935303435356132
33396533393834386133323735613136323735646361663764343932376138303361333739633832
63383134333232613837303937646330326130616563613061373864633832306665373934616566
33343631333635653462346164303162666633343632653538326139346265366166616634643263
63363464303761353831663038636233623533323066623035323431613531346633376466366232
34303135663434386163646130363065633162343335353237653333393237343564386537666535
32666630313664353365303230323464323963363339646533376437383561373732353937303839
38353164343235613430343662323535323761363731616163663265313234646330376235376333
32326138613363353530336563633733323062373034646166363731353562663761353166656464
64356366373766306632323461663435663533346137356335613735363837396437356232326664
64613365303139626266353835623961336663343439346235646132613834666264313733623236
63316466646430623361326264323832396130393933623766663665666231383365356438656330
37616462666164353034666233643635633831323332643131386536633763313561313838366436
36393461363762316265393431626166653565333938366137323062383734346439323864356631
35613232346535633631643464353634663465636166666666336563363838323062316562383666
62633764376436336434623465633730616135316638643137353031316433393637333363646430
33666633323436636265316631323666313230366132356363353930633364373163346635353762
66326333323165386666383630646466643365613935643631396335383735626663373362633165
32316335616238376235656633626333663933303235393661386337376238393861616165663938
66386333303338373736363530363035653339633931303833623737313630653130333734376261
66613230326362333963623230343466366232623163323062303337323430323034623437313139
37663032313563623761336465653963643033666663353136393064366335633535303164623130
63363263663136346462633835383464633634383633653330333663393139643531656161343563
39343130626433636535623466356238383136643934623239373664393666636238303839313163
37656166393364376465326565613463653439656238373839376238313639363031366163393334
36353733633131316637323437663732343039306233393162386434613037633261393832633736
61623037623364336131346336346339653831333836353261393436653734366565653132623638
62643633616463386262393330333637353137393165626130316134356632346165363331666361
37626232306131303136333136323039326231356662333732393130393632326266363536616339
33663830336339306633643239633266373466636638313437616166396232316632346336323331
38633664653766613438646634366262343537653834346636363034326333613766366466386663
36643530336666623365356431623032343937636338313666316266653531393038613936643838
31643336643537336363613234356164393631313330616236613966346465623332626437663938
63316130666639313238343764663730303566366662303466646434326333323532616336613631
38646637623061323732303636346664386362646434646161386630306534656437313639366632
64653061323534366265383931303563626461333665356162363762333130653635323235326436
35363966343061633436333636383130363737646463323261373264336438336461613964383638
62373739646631393632346338333561666364306661323239343034323963316133643132316534
39373039336333333862633065316633636337316464323064633734303065653232336536313932
38316566613762353237303661653966393464323838653231336363393135333636393836363636
38646139323932623763656337376233633930356565643462383566373438643637656561373337
37333032393565363065353161663062663132646664656432633335366133366333306430366637
62613134366439663031363965633064363663643662383435666563313635633932356139376233
31346433653139393365623433383638323866363165346664376662636431646462333537326635
62316364653735616130656434616631623435313230363334393332396163313634666163323038
34323963613133346139366539363537343334646632303732383237336633326634323439353138
61393732343763613339616361396563663763393337383531323166613461626465363463643163
33336463383034613466306231633866353133663236393634633839616164633035623335346564
64663431323330363561303961626334316139613535373137376563306265353037646161373038
30353666333262303566393132386534616532383562666565363336323834346339366334306331
61323366653939383539316365646537363665333038613238363762323464633466643961353565
63316362313437653363633636353963373866653565643339323139656662383366623435313334
61383162626439636532653530333063633663366433623533366132656336323539663063643437
31323732663337633666663130623839633438313636333763353938613865323437313733396665
38356535366366623163633037396431376261666562633534356263346236346561626337623735
38613566626136613938373937623864376339316239376134363939313732326538306630393261
65616362333162393335333762653932643661633065353163336433393636623861393262353930
36646230643538306232343762653038346638383636663734623262373166313439666434633765
32333032616137646439613237663363363932313538663438636235323862356532656135613934
66393034633564353731366638363532303231356436343462363063323339306135343035346634
36646538653639396535353832363837303337373538333631313664623531643739663537663038
36643162633637623264666434633831383038356364393638636434393833646262336230363934
35316431636261346135363366373035633864373833393738626633383536316433666531663835
36633133363435663537653032363065633935306331393533396665353733633032363162393032
66613339636332623933316562316635336462366337303033386436363662386233653837653561
32346334363365306237323936353935343031306466383132383436346636353861626333303463
31326361613231313832626233373438393265323938663636383861633935313931373130306139
39663863336334646134333934363436336634313739366139623035323663313730373366383464
38346339353936353931343333356663366639376337343635616338623832393632663163303132
33393337303930386237383037306263643864313033383039666261333662326239663037366334
36366339343063373535303961386262643039653532366466313438356562333761656237323834
33373866303264366639326438373862383033643136316363633865653538303030383437353935
66336131323162323362323736646334616164383334343332306461613163386566393462343434
63336262306463366366393934623133323139636639303265636133336161393631383431653466
30366338656235386237373764656434336234363132636661303239646439646233386636663265
65353761353234633461366661373233383634336261393562346665626333623934653431333431
36636437643730383761336336663365383561666661633533653331353535373931333663386462
37663132653534393039633363666463386435623161393839396436353930323466343436356232
32313031656163386636623363333339343738663261393831353435313365633735313762393934
37326637393366306433343162316565616637613063393263303236353337383438
