$ANSIBLE_VAULT;1.1;AES256
66666235383630633530343561303334366563303934653962636164613638333661356433303663
3464326333313033393361353361366438373066353437610a656465333431323634626232383331
30613732363036636139636138656632323666323764643263373637633966633833336535366533
6335613031343932610a383039386231313037643766313361313639653032386136383338666565
38306334393431326636313461663266383363313462376236313730326633313235373730383664
30356233663734353730626266656539396264646264633064633437646332636135303130303663
39343565633534643937336435343865376137613035363038653633386330356532363731353165
38353434663930313566363165323139383732626262353164386438663334353435383134623637
65353339333864306131303538333535316566663431386665343232343631623265393664643535
61653239353036346465633639633633383965353965656661343731336333653561343839653862
62343662616439613938373365613437653930396366313763613963643032643561303230656235
33623731363535323230373135383830623264336366363264366538633738393135643037396637
36333732393364376134653531306335313038353662356631386236653164663762373532396564
65363034333366313066303737316435396362366534643962356437666131343533646365623764
63366361373533643837653437303837343362323432333835333832363961393166336136336264
64343639303432663261626466363234333461396166613366373762376133343262393135343063
31336231316132373336626538313330376338646234343663313361643136383330613933316665
31663739306238356661653132323666656633316463313262306130626438393562376238313366
32636634383538623063313961383137383030666231636638616562636563343837613538616230
62363834356530323536623833393132646131323635373736363230663437396630376131356230
66663035366262333266373165326235303562616363303739316432623062663237343437376337
32343963366561393764623964303864396630653561386237346363376330616266613636653230
35623065656236343732383861323035366331343930323930623663363664303137356431323364
37343863646233633539636139663963616636366137346332643164376637383837396534343565
36366533336534366239386464373563316238376338366337353235353566663233383161313839
66303231373731356132343235643139663864366437623035393731663061613732393739346163
38313234353932363863323762613733633437363261336437353334653361633961663461636336
63643130393462303832316438336238636630646566313634326464396564333763613064366165
37316661323534393163663062663536303235623036326365616632383634643931336636633663
39393464326331636230633463336531306463663966336635353937666235616634313931633038
33636564626230656561666233363865386137356237666239353533666138356563303665626236
62373338333939343366313738613163323036366465333635316432623533303132373430313763
66663039626137666361383864333835346164313031613464613736333232613830396463373034
36323831376334323731383231363731343164336637626335373635326139613665363937313666
63313237383066636265323339383632666338633861666534343337623664303733646234623564
37663361633037303065663266343234343562613837633066643637363234373530366636623237
65653939366366313535633031626365303766623833633132386333393230626565653633323766
39633938323339633538613835373563346261306634383639316464306265623164333132313931
65633762666431373937316463663230376131613638316436373338376465383831666235356564
39363231303564356336306235353636623836613666393762313466356431666330363866313138
63653238636561636561373761316363323939646237656163613539643231303134376532303965
65383230393139393564643435386335383237303234336136313764393763396262613065336539
31346630613466646532653761396361366264643831376331376364343635333533356364383637
30356339623365366134343166613439653334373038376139323563393866653634363164383561
62333235343331633064303737376333623031623134623730643165333634333535316435646363
36656338343833373938356437393534343335653735313161353631613561373139386239326562
39393038663835653136656530633939356461663237626334663133326133656139626337386236
62383030303464653632643630646663646365303131343264306536613636323933626637303563
31663137376561646634653838653362306264323061356234646139373532363637643731303436
66323436353234313334386337383462376364363134333031303339306632303361326531303564
31373261613832316435613161663664363133346530336630613663303363343761616535666366
64366431323834663536303931333835666163393930393437353435623836313863343562366630
33316536316562373635313061646236356637393934393330323436336231646238343161343939
62663439363263306135396233323634373535306532303465343630623032633431386363363130
61323466653130333337336139306633383665373963623861333737346234636630333036376531
32636163363435373038643337336631376434613838393666383266333362643135376264393532
62663932396339366531653261646463313036306536366637653861656636303466663437613966
63343433363134653632306633623535626262663761373831643139626639623162323732323238
34663231393265313333396662376635313735393537306362643063333737616136383139333637
36393733353139383764333032363064613461316336636237336336386333373662366235333763
65623137383665656430363635643236613730353834643465386431633266663761653731376439
30613963333964626164393335623734396466343534303734356435363136336337386463313863
39623761306462373265616138616165373365343331656663333537343532613262656263633035
62306632396365393136353761656438386266646666323164316434343439643464656163656662
37616334386532393163633936633638653266386239653862646334346166663239316263313139
33333031626239613532333337336137386432323864383335613133623961616636323634396361
32396433353234373330363439613132613039313739306162313364373630646436383237313162
33333436626338643632636137346231316435316431343536646430316633646632336131626334
66373861363866326363383331613765393931636165346435356236636462633965396133666661
63353339306235333761333763613337633431623165666361383635646563633864616639333534
30326536386339663631393066633130643266346564633465386536363034313036386362623464
38376233646565623465333130343930363434313335653935383064343066353565613734333931
66313830323464353134373435333362313863316438643734346338613635666364303933666566
31396165653564646138313065393631656332653566353531396431393961623862653736323533
32336564393833653234316363303237346131356566623437396361366537363566663731643163
32343430656362303939626530353432663262366636393031623231326163653033643333363833
30366364306635653164623838343436323135626532333233653632313366366131343166336237
33316439346234356331373264306163373364613933636437653362653639353861393636356531
31306333623664303331306431636463326364633266396138373931373264333162363063613835
66666235666136643838386566356635333534656437366563323161393432613530626238303833
65343362343335636132616636343663373135636565623235323463353539666231333630303166
30393333326635393737323832306334313766626636376231366531626162373936346436633561
33383639366334313061633763383436313335383535663763363863343764323534303531343032
38343334316165663861343633313038643039623834653439383835313765343937643733373138
31373733313731313265326363336463653162363339643835333735663264653639623634633261
65343137383933396465383965646537346164393737316439653130643032343734643861313435
62343934633638373838653434353464333962373531386134343532326431653263333065336166
36383335636332633061363939623134356139363662303936313034343439316231656439373331
37393762393162376162323830373662353365343265613061636131623731653062
