$ANSIBLE_VAULT;1.1;AES256
30346338613761636163613464326336623366383734313336613734643636383364663130326630
6338323337666331326532623232616439643731656634350a386637353239643734656532396432
35333731383731356636333866323734616261396339386365353334633633653461656261383336
3236306465666662350a326663613334373765376538303835376366383062646231346666396237
66343634663134323933303763653237336336623463633366616432666665353961383638323866
37366632346562626162386463336530326332393231643537353961633033623333626266646236
64303032663766613835396565383064663362336137303363663933363064343032323664323730
64666439633937303339623932633839663063623764323136376331373563656363373535653763
30336665626363666330336330316437366164356566303638343965313935613539373233326166
39393739346638383333333165313831303366636265333239626161643835653035626232393164
62353265386537643133653266386466306466396333613761613763323536616565323631326262
35363430653862636265366563346535353632363938336362373866636364616637653633313639
30303130353664653161666261623638633164393165383366373266343837623634343963623864
34393533323265383631363264316463346635383761373539336363343838373131336165633861
36336233343030666432386165313064633236623835663930636161656563396565393263363164
63616430353664383062313962653933373663646430303532336237373464626565663163666161
66643338383636386231643732636432373335333162303432323461373730376365333535393936
38383162656332386264633938643038333134346164326666346139373963376662306565396138
38323235643038393431366337373730366566643531633061376134653466623965353533643534
64623439326133313065353832386632613539656164343636616635393435656561366161363663
61383035366539636138666338623934623432353266373964346334643137363039653739623334
31356132653537653434613065383331653065323436343661383963383837376434633431316662
61396364646264343437653564643431333732333532383064623262663164346132313333333431
38613463336361643265396263633636343934663837313466363937393130643461363636656638
66373038643461626664363861353363393537663034383330646262353434643065633933623938
65346561626366396232306562653366633939366265613964616562646438633431353963313964
37383866366261303132363833656562396530623861616662626332363665333239373966313464
66636438663665613938333533623533633234636563666563316564636664313732376336386162
65663965333738646462623436373365343863356461326632333665323234303636613261386131
37653263666330633139646131626666393539633932316430303738313135656337333836366336
63356431323731313236306437396631643161663163663266333332306564613939613030336332
34633933393135663935343761333930616631336164613365636330396635373134346235613238
37643362396432373736373135366266656338326438356537306330306436373963386463393166
36306562656562636633356266346435313362326261366464306138336539663230386239336236
36656561323161356165313361336536313735646263303638343562393237323463643039383736
64663438356137306630353666396332393731343832373365373262663031666538306663396362
33383861666161363864353032316266333439623263396130613130643263633731343961306435
30383639336237623438393234343738323961333962326533373762356532633266306638346166
35363033306663633366323336313233316564623762383035616433663933353232346664323731
32336135366239393339376639373063633830646635373366373235613536613236323732303663
66663163353737333636386239356663613834386436626430623530336637316339666163323839
39346338636236316633623731623531373438653539623935646135336436656135363131326634
33393564626534303033666362363863643738616433306138626662346364623039613932616163
31376434323938363735353730353564616266356233313366643462373463326462663864396236
33313262306462663131363839383562613765373936616135383661303731616466373332303138
36663962363064346561303961663539613032343933303931323663666534636233653738313661
66323738613331643665393866323834626131356663666364623563343732303465343038623331
65383539363463363461363064343139326161396463346531393534656236663136656464373833
39626530323134663839396232666661333061653739373633633361353739306161623863363863
61616238623830663837343537366335303162383734303361386637306464646630616432326130
39363934393934386235373837303234656631643232306262663039393838313635303238653231
32386561363664633737373633663730366631356135306130333361343462633534633330376232
33373831323634633963383765323061663337666163663030346666326461303565393165393534
31306466313432386233326263616666313638383738623532643862373338623564356531333038
63373231333033623432393164313566356137643239633164316662333135656664303566343435
66633065623233626430353237646430343539616562376366663635666662616130333363383032
34666430643734306163303738646439646632306361333535643831666336353334643234303631
63363533346362376232663263373264346531323634393037646331333564656463643835376532
37613939373061623735326435646530363761306235333036393464386237613063323831396139
37393761383837393666626330346665323030326662366361303232646135626430313036346339
36386632643364373738393565313061613936656563653736643830336134646263373133386564
65386566333131363063363837636136633734383538653062633236656634393531393537353738
63303334653261623566616566343230333731653461663162363930626534623736636563663239
63386136653732653637643535343934343832653062353132643037333831613935336630376264
37346533663836306232343861383662353333626165333061353331323735346431346161633134
61343966323764383064303335383036653066623631363136313431353461656337623832666463
61623361363738303533323235663536633335643661303534633033636137363236643031316361
66306665373739323332643263373833373338623463323038373332643263346162346437383137
31303162343433623438356131623630363435373636636230386138643630653233643537323163
36643965383239313130363265386237653333316136383162663633306664353630646431303965
64333435653264663034666432343634623962383061343361346130343637373634313036376633
35343864323336376535353733643862666530303138613931333431356662663363666662373333
31353736643632656233653636396464363630383530336466636463353034346130393536663764
66353138336334393863656235306634653165623430613035303437366465393434303537643066
64653666353361303634363964326130313563663963613039313531333037336436353662383633
36633230343732666166653266323438316265396665316531666632386166393166376462303761
36356666633834393165323262313466356430363930376532326138373730346663366231633965
37393239333664653665303935616139663965383335646231656436313933346361643262356234
34613164353630353233366661396266323937623264626363386534313335313763333931333562
64333036326137306432653930303934663238666531393438346337333730646338393732656564
62613030663437653431376237383763663538656261303033303664386438393632346562306265
35383532363062323266383361373036306137333834653035376664613665383230363038333166
32376162653965373939643635633861386166323331646665613633316231646665353463613664
62666630383462616561303435393434313639333261643961643536313139376337393031336262
63306637653731643038333435623062356639303634656334656130323839363262383733643562
66353233363836646633313933633663363834343766633131396461393138623438396337613530
61343732313339396133323536363963613665666239613666326430323639396165306138393535
61393531653062343436363633303232313664616461393964626638386666336165323730323432
34376239623332343531383931353136636663663338643764383665343632383732
