$ANSIBLE_VAULT;1.1;AES256
37626261376538323337646431376239353934306337653730663338643530306238376633356631
6165663165613463343539383236346335396331396637640a373261386136643364303632323534
31353464353433656466383532323230613036366138626330323930326131343863643438653733
6164336534663464390a653162656532316232386162633533373135643639643536333238333038
31666433613463613162323561613333323165363138313139346433653938316537383135333661
33336562353736333934363566356662373131383736306631373435383462666239383234636331
66663739346166303938616632353037376565356533303636383439623537633530326630633537
64363163313066346261626532653931383538613538343830353138646636356330303834343637
63373334303436336666323939653261323130663731616536646233613737646162303833363563
65383539353130336164626561343663356237333763646131313766353433356364656666623038
66626263633238333134663930366361383762363534633234646438326466326439323761613736
33313562663966306436396265316463613363663939306163373237316630353934653438373539
62306537653864333961366664633033633830666633363864336562316132353835633339376535
30646631356439383166306466343437646366306231633730393764663663326538613865386534
61643739646130366136303438636136393666356337343635366430356463656631396130386430
34323262626635643864646333636465313233386262366263316232323337343131366133343837
32346134356238393230313939613233643731343233613562636630653330646135666263623263
36373431336636333635313336323161383437633962376662343866656663303237626331393863
30663935333635623531656664666138333531393833616634363936626339363237363864616666
39336531313232626138643139346365666366613735616536353535623361613762353838613661
37383234336238373763316363613364336336613136663563356139333464373463386237346130
36323636323538373134346532656465376561613131396561323162393264353365643133646533
66643232366535363365303261336639626332663863383062336462646366343465353564333762
30626231633938633032373430653061386263386134393734383939663134626264396533663237
36323235383266376633303761336433656265363233373430363933313764643961396430623032
35303064323161363239333636393463616433623239366334373039326638656337616337396464
61343937646134363664393636323064663963663863343261356165636237643637383837626234
30613063646139346235636137353562666661613337373433313139336534663137366632336330
66646361306666653461333635656461333964623539356537623434376339633236383139666138
62306531663733626266386234363236613732343664616134643133396130386337393734313335
38346231316134323166326333313238366435343733666364633630613133613130623633303565
61386136623230616230613664613336643264623536646165343661343864656437383430326433
39646466393533633362656532623739313139333263643633623437393364653735373566636466
66313538393437613132363238373336353130346265656164623836616139343439653632376231
34333334363963393063303934623065376434306263366635633165353931643939333564636536
62386463313664353635633866313961333163363530663736636538666338383966366536366164
61363166616130306362643738323634643363383033623739623135326661613166633432346563
65356630303834666330646538353834363662666532313933366133666230373434666539646263
65393836343062376334336333623861343663376330633235623664386263663761623262393765
33316334313966663133613564376534303937306237313439383430343338383035313932363033
62386139653462386638326263623562623764376665396237346538623362363639343838643935
64326261633436343765626666326139333131663961323031323038336437333766653965653265
37343531623832343639623361613732613964323463333833613039363330633031343462306535
30316666336236396138396662313165356135633039623835306136343763613835613138313731
36373561326263333465653963626163306334663037313266393363656266643333303866376239
63356137663966616138303462363166653763343130306162653866623138623138316535643765
65656238353362633634633535316438343634363038663463643338633665633666623739323765
66636634356463343033333965323632383432326535613333316461356561383932353732313866
32656530383935666161396664663233613763366234383964663530616236386533393737323631
37316438356363323531363535666161666163323133636566313435373463636638616566626133
61616334656361343430393131333538373763656133316662356431323866653033666361613231
37396432323036303338353261303735343766363739353530396664646237333966333265663635
36356166653432666662633238363866616530386531353965346265663030303538303433373863
33386231323533663236623335346639316439656537653137376535373336626164653631306233
65333530323962613835373839663366373033656233386334636665653864303238326638386331
35616635373338343862653339613137343334326363623338623734306337633662326263653737
35663035643134343536373063616265346431336262303630366565326332373361303562646137
63303031653764373436633935333231376465616337366261626130306536313866336134336532
38316236383164336338393063623631353765326562306633626434643333353334353039343739
34333232306661306161366138646639396133623062343639363364373930633830343330343665
36323363333236393666653833336261353131613639356639313034336563353231353637303166
61303636666266323032633835386136643965396434623938363337366132343236643736643963
31383137613963636138373836313232363531336530636230333239653434346263343431666334
61356130353262386632303530386163373437656535663536303934653066643234376536326262
62326437613364356264313134383065376363616535396330323033353831323737313530326638
34303263646566363362393165333434316632393264326636663862643965343532343039316566
31316535326564303538356436613465333836313066356439386264656330623235393562316265
31653966313637373237663365663963653830356566633336333431326637336430376436303831
34616466306232313332353230626232616234633937356663623730633438366231363262386565
66373037383964363063366135323338643666353733386235393565366532636339303737333237
62363034666663303433363730373238343163343432616637346661323331333938326238613235
62623165323763633037616437623865323130323539613263366561613761653761363537613336
63666363316465336131656335666530646133353538303763613062616561363235663363613161
30623431666531646536643763396139373363373337353161333136313234333837623232313134
35356561386566646332663866343338636335383133376131313539386536386564396565353335
37336232316138316564303039396363616530383531336231346461303561666234353333653364
36373533336434623031613366636436393432373231373361383531656339643836666239303965
63326132326438646365303132636162383265356534333962323332306236383164306564626632
36616363353235383532333635303064396236636632373165383161623061653561396636656664
32336436646531313831633833313034353933623937626565613534313361356166376536623765
31343734303530313436396238633733323735306336646462373234623738643266343465656336
61666331383362316365303163623163393435653439633562633135326431373433343636633837
66616265373935373163616162616638333936353963653964626262613436313232643161633139
34623732313439393564323964356135373761623933643361313535633961313137363165363436
63393566386536313565646562326137353139656536316231363737633338303361663765346662
63396264346665333961633236383762313731663661376538393065333861656166633034653132
38356233346339363461303834383161343236396638623566303233393763636565633263353335
63323731333639336337643063343632613233356530663064396536356562663839646135353361
31366332383462396364343132663336643565313533343037646131383461316633
