$ANSIBLE_VAULT;1.1;AES256
61666565363439363065643438653631396135303865306131393939626166616633326365643361
3137626265633434616432376331376665616465333135650a636139626366383337343838366662
38306339666636626239653439306432616634653434353335653031396633646462316564613135
3130363161336132350a373762313133386563653431633939316665326366633262323862623436
30373034633561663734623535366564373832323466353733313630643938613031646235336337
66383335363630623635366333366630626166333132613862313234623665363666656439613061
34656663633530343839653565373638323062666435303462323661316237633466336439626132
32383238313033343430343438313562653731666630333133316232373362666535363637373165
34613935323464306365626539356166663635616666336139396634623566386137313636636130
61376436643437633330393463356261303066653965626265613965653835373337613066323131
35643639616133623966373230343636313466656131633331653732333161663062336466353232
61633765663239373337333361346336313331313662303562643830333037376530343363386261
37613934353735623665373436346130613464373363616561326533303136623139663563323266
39343338643537643635313664666234333336366435323962303965313735303562373565396266
31653665623637393232393833323437366366353036663437326365333865303331333964636139
62303631386265663835306165306637336261356333343131356631623164633436363839616632
35633537363336346662396166303266663963316163306238343963323265336639383861613835
34336230353136313066356163323135323938393366333435376237383639346635616234316439
66633136646133353164323938623865356361323265616561343865376239616330623934623339
35633761323637316338303931326666363036316365376537333631653564393739646330373563
30663734383439643762303261663464363431663962363361666430383736373666373931313039
37363430313762666264303665663839616532633261643937623966393263353236386136323136
64376639353064313062623566343039383533633061376663666461313434383838383632346632
35633161326563383639636164363934633039343230316233343962666365656437383433376161
39373135356239373831616363396138326639616361373061376237326263616535356535363838
32323961356266396335653166303966376531643338396135353365323661626439366362313463
38633438326261626262643632363830616665383662613834303238353262313435366434666234
37656638393330653635326434346638393236613435353963623631653833306562393635633564
33656365333564386462663532656538303235373961363762313365343138666464323838316261
39646435363937653534623635366135376533653930366537393464396331313363303433313638
61633430646434633633306638306439373338363931643230616166353865613232396265383332
30363461653533313462303161393236316639636363393234353338373433326534383537383037
32656133363231303332336130323163633764613535313338646639346666663536353465656266
61363533333561373639303762653966333232616436396439303163646662623065626238643662
62383063353261366465633432383362666666336361313733333066333735393635396632373031
39633335313231356631623163386331666565616534373237616165636363386339333766636163
33623166306430663164346366366334663630616439366563373132393032656563653330383939
61373961613232366432633930306635356539616637396466643737366364666661353863366561
62333864363630356131373564386138316532653136363936626665393764373534343139346638
62626663356337323935346633373437383935626662346332336534633566343333656266373034
35616530323966313933613739323332363638393239396632643533373032346232656434376332
34653463376265306330636262343266366365656535313766366536356630396164343836336165
34356238353666636264623365626532353135343234393564633964346136393965313231303862
31626461363537666137313265626235643636336337313631663365613562623066333766353935
35616265643161653538303137316366643632366538663237306435333962393562346565623835
38333632323232626265636364393965393739333138626561663637313737306166653463636162
32376137306363656664373963386265666665623163383836643334333061323635323864323234
38353236346335656135646538626162373137616137366432343864306665656132343563643231
34303462663634343165666536316630323938333966643931306335316531303963326462393139
32666165303432383436316366363338396638623661646536613836316363373762316434643039
39646232626631626663666261316132333062393234656630636333346565623339306435616638
63636262616232363031376633393338653662613339303564653138353961643535346164323562
62336636303533316362393236323236333630373633663835363838343837373939333333303230
36313537306531306637323263326131346135623066636430613937366335623164616439623734
31393332653638663137393631303362353133613762353831666639663536643562663465633133
62313533393337633138623362393435353638656264353363303262383763616666383462646264
30626666343438373766663035343664633464326132366664316336376633336361373333323635
65653766663661646532643636323862323465333032623262323830356164373030613233316166
31653565633161353439666632393363373538333761663630633932313038666131353135626563
37363861653537383762306635346332616366643031663837333536656438633538633064653437
39666661373366333432323431303331383737653534306432366133363530346363356432346134
36663135386330366462633838316439663961626436656332343863396233656333343163336366
63376637613634656465303363376433643239306130663735393764663831633132323634353961
39386139366562646164323733643633623037376636336431353863343964383438333762633733
33656231646335643135303962623839336330363838333331356533303037656331336439366265
65653139336236663332616661633335353034323331653734643633616461323435306535613033
39356538323339643039313539323534356335633832663038303163393163666136643066343961
64623461633462623430353235383235373666366666323833623465613232363337613163323838
61326261396531613230373764393066393631346634333231393837386139353464393330636530
35343764386635623564616536666532633533633163346364303130306133306163353135333938
33336233393862386663636234383065376638623332633637313538633634646434386138343839
64376662343935386535633964666433356633383164303963346664396262623632393936663262
34666230373736333666663831353364313866353766623661386230393966356162373339366363
30666334646663383936303661336333316439613537653861303232356231383965343631313265
65343563363033353461363534383632383135336166383266386633383361623530363363626636
30653531666465623761336331343765336633646666343537323237363561616534303838643039
30373432626361346535616433343032393039613461363966656632643438616135333365346233
30303431623633333863336631303132616330313234356635303762626266373433383439376530
63643438383333333935306633353135363530653533386630383339333865333030336663336536
39613539393835666461346565616464313239303833303534623664326331323731303930376237
35646561363537653031353333396131613365643738366331333563313035373462616431313963
39343136656439353039316231306239616462373865343361336661626135343731323236656339
66323336303537333363656433393039383732663731323531343239653664636435366336656264
38333338313164333737653763313464393738366333326363353637633664373038386637313935
37633430666436626266353737363562336434636230383565326664336262623362323539316262
31333739333236633563356439653466646361376562633763646365386235386266323131326566
33333362303535663365656432323365333932623630376166653636316131636637643866353262
35623265626231623234326662633563333330623662653231636237393965346665303937333333
32653035326533613833383839383962623862633561643630616564303030323933
