$ANSIBLE_VAULT;1.1;AES256
64323435653239613632346561633561383631306536663334663935363164633964393461313439
3731363161343961383930303439363333363833326335320a313464623361643337656135656433
61623431343433373336656466316365386635306537363933356666656461373638333666303162
3538616437373866340a653264663832386136616436363730306639396632313362653839336435
33623966313231623338316163643137613533396632393838386230616461356266376164616365
30356566323032313437313335333534386365613430366435626631353366663965313632646431
64313262316531623563383335323430653566333165646661653837316236363734366665356137
61373561346337333830623734623761306231363537366462666238383535343839386432633131
39373735616362373837633166383166376138383365396639336163376639306238383237656334
38656165386634626664323937613861366537656138383362633736396261613066373132663662
36303466303836306631333266313636666437663930346562616435373434636532623235653132
37336363316135643764336433343436323138373864343965303663616333316338353965653566
32326338363937376533666364323435386236626661613237646434646430363333376434636338
30643230623937666161626165323064303939613533316233343331396264386337643830633165
38646465386433623934373535343538326231396236313865333930656431393666363337323234
64323564383239663663333936623062396132636539353766646335353635333964376364303333
33393031653331366335333061363632643134313334326331663462636531613138613938346538
36303263303530623538663564626265393461303138356663616337316432323637333365326665
31303261343131636436343231373632373732663834373036393066306332623537383536656436
34613561653765396435306536346363636564363462383834646363376661623164333833623339
33383138333030623933376439663463313763303039303634383033663534363331653035313063
36313665333664383865663632656434353738313935386366643831626263656436623361323764
64633030353332383333653662356537396166623435303931636138376465633761323235376538
31373931666234333061633166626137313334653635356638343533366231383031356438633062
65326533393438373031396536363936356632373830643539393563356432653465336362626137
35313232616230616438303532613731376639656461653134333938663933633235376364323566
61303966623031643630613561323433623761623439613131366131393563326362333731666461
30633638666638323633336432643335663636346432373565323530646531626362623463646366
63306438653530303231326563316564303561303032313065633938396234366262626539643437
33653630393432646638656437343836306261303465383861323630663537656230633662343166
39356339653938326334353834623637373061313964353932386332353764633263663565613166
33646535666236383035636461323666353636623063643635333035336566356132363162613435
31623966336562316361303064656461316439363364396631333933313836333863386363623631
61343737303833613036393238633262363531626630623865363639623864626262363836663232
34373933663861653864376137643262336162633461663032393939373362346462656133363132
36306630666334393235363432633363623462393935653966353536356264336162323665313463
39383738613330663030313333633537353439623334383564636536313037636335623839363031
66663733346533323138373366376262613232623063613137303731336435366234313066653536
64616334613238623634353831363337386131346566303936306232643034393761316438646664
30336636623165373134333738383636633531353165346134353235633064633738316634356463
39373131353835383038653864343538373264356565343333653865356161316537626263353633
65336430633461326162653237653134386631333035303961326139633361353738666631396539
32303566396232303365326662613165373063306261336431306661633361356430613232663735
66343030663933653234616561306561333634616365326561346534303164623162613139366161
37393038626461326237353636373935323262663935376665316666313638336630343861306566
64313335323036383166343633623637333535623366656237636463376133346165613932363862
66393437373030643535306336363130373935643865343634356235616630383462653563353035
66396338653433313762363165316666613265323231366439643439366135313063373262633233
30396133396639653438613138333535343038623532326266383539623934626164303434643866
34346565316133363236333665363062383836356637613564393537326432326261323466353038
35326466356461653132666532316333633534666232316536383937623731636633613532353133
33616237616462626539643364373135663235393036306562653166653430383463356662656366
35316530333436663166353530383230376138396533653363303764353039323535386434396639
66386562626334396534633139383533336236373137336663636130383562653761343831316639
34386462663136626331633865383639623038633232333539306664623764633763323763366436
35393835323430343532393065386433643964366230666361336139343462363563373261636361
32616664393761353633343136323439313334636566346139643831306165396663393933653330
36313232343263653031353536353766636531663037376235363863346465663930323630346535
30336461656366373066656436376465633264313139303931616131313933386465626132353365
38626133626565633232353062383365653033373833396235353566653237636230663137316633
37633335353934623438333635653535313330306463633364643236333138623334356563323864
63323263306461356438356365393336376331386435666239633636336665386334323435386639
62663365383138643338353336393738663764613663326665666632616433393964346637666538
34333231656637656266306261326432366366663137613331396361393130366435643465333539
32613138313732663137363532376530303735623338613038353632386338393234643439333761
38333662393234326131333063363038326436336432643061643033366638326264616465333034
63363637656239306330346230636231613032376434393232613061666636326635636161333737
33626137643630353530343939363334306433643931613264323464653437316361653436643032
63663535363764663932623662616634386237316237306266386339373565303533393538373463
30343365633663336636353534326136626237356161663764313736666266383637636636383434
31643863643131313330356236643364383964333330626639376261373436383339613838313532
62323330316666343265663763363238383936326161353162393134363066623536666461656136
34326535646138616639336663646535333062303865613062356230333738383733636630386232
34636166363838653030383531386230646263363034363934656633623766653364666239303030
61613635636164306531303264373336363962336165336237633332393733626636333435396338
33376239313234313564613139663336646137656361353337333038623036633230636238353534
66613432373065336130623933636235643862373739323634333239653661383736336637313631
37633866343166313062626237633063346436646436396464323936633662613963353665663232
35376433313763323938633230376462663830633065333634636532363333303431396432656538
36383362663734653233643164383935643266313730346439353738393664383361343936366237
61633862646432323736373636373134343161623935366137303839313766396161303663636430
30373334636262653036613636333766333139636233356335363238316264663432363832306236
38316130636536663838323334306134636361643930336335303435323739343237636535616630
64623463323231366266656232393433343062373066363733346237313338373835313337303636
36623230353834393032613639353832386439336334383734316132626561316531393564306230
33653937323933316461373630343931316161336136646435633636376239613432643532656332
62616238373561653365623036393436303138666634326230323836333838353064326563626338
66613539643863323230333431623630633132313362353637333763643931613938623936336264
30656361386438653034396234633862626461386137313961363666646636656636
