$ANSIBLE_VAULT;1.1;AES256
37333339336239343730376632303036386234323637366464323133326163323834316430656137
6633306633343339326263366365656430663830653537640a326266626234376134366632373033
35636633653134323131333763306465336261383464396637316666366337383732386334623334
6135333032393032380a383162353733383465616433373532613539363936643038323761643137
66316636646330653862636363376163393937383662353431666330363061393135376532653566
32656134643763666534326562653439353738356333333462363162393163656363323431353566
31346135303363373338373234313531313130633264353334333336376333333037613930386436
61313463373536356336363031643138636637626533663332633564646636313066373665313835
35303233616634313466623562313966306262366433666632343438343231373938383063363065
33356537333337343266303165326238356636343636316336383438303433626532333232373538
66613630383362393736333735333238643064656233396135336265353538333435303061373830
37303665386236616131386234663236386138303739376232613861326264313563626361643166
32363537633164356364303265306461666634333131653934643064616261666136333265336632
63366662363535326464633765653937646164313962356634376137343939363136363366626535
37386266366630616630613936323334366362373431646433303931666462346538343633303633
62323264643832343634383030336133626162653935316464613663623965303033376236333236
64346336623730626234396633336534616130653237356231313036646663653961333936323233
37393534663335353463343031376136383233613838386236336439363039656366363133616631
33656562356362366636656434333866613930383034363661346239383066383135313233393636
37333430356630353561393866373735336163656635653935343531623236626136633638656664
37386636373565376139643538383030356136633638613136336633333633386337346563646463
65636235643033383534633435646533346639346363343531623039633732313062393865613631
31373663303264663137323765353037636233626131393062616562316536613632666339383438
62623736633130323963633537663935323231643531616636323963323832303061366665646638
61386361393639353863613765386135323330663638376234376565346538343235646565646161
35396435356235636335313733323265323638313535646661633362323066353434306333376364
39393337346338363765653034353033613466303635613264633462353630656230643566326637
35363833353830363033383161646239326336623034366262323863373632343666313661373331
37616337383732376331343735616434363939663433333965313863333065313864373235623365
63383733663866663638363039353665643237326436386462653161363835616236623264323062
30613234616231636130616131336232623666306164396663313461336337336239393363656163
38336564346437383061623631613036623838383061666637336338323730363131656435613337
66323361306661366639656364323065663435383536653932646365393864366532383132643261
35313736636661323934623863363461623333663665323466366535383830646436646538303762
63643666636662613539333936326431363261336531346130393266623836383331346338323538
64633231336231356637303237303236653439326661616465373361653636623166663532616563
65373166353332653039646464356466636330343637383938643635653361393663623466636631
36396361343934333039663132306337393239633531663932336130396462353933376330623666
66343930393539633339363436383466333162663132656135643230303931666264626632663262
30633637656534666537393132666436363033373839653137373562333337336532336638656661
37313564346461313638636231656334353666613534363638643130636630363565373134336363
34653664336564666262623363383435646232366131333561383661396339643566313464333031
36623437383362623839346364633131663434646238663062346534396464383835356639663331
36316565613738303937613536393037323236326165633266303063626438653031376131336239
63313462366333646338326236343037363161313064336463613062383263346136343036313839
65356164643937643163323539613032323466396562353933363734363035643163323635386138
34633036633231343634303331633465613961356135363433393236303934666630623837373937
65313736613961393137616236326265656435376632643233353662333362333130333630383735
66653761623135643335313138303033373237303034626264626338636638313639396362333065
35623232343964613436666236383866633539623239333061663563366339653130396431373765
61313635316432633761303865343537326431363334613634343661366634663131333766633932
39353962346536663633363065373661643635613031666534623166313464623731366465303366
34626366306661363639353836623536393831323433316335643962353263613662343633643162
33383435356561363935653738333363396136663236343935636561343530393237356337633464
65353362643230663337663035376261633931353531613431626236376437383163316162316137
37613362306565366565343734313437386235613739383166646631646632313234313338363463
38366162376564306661623430353033313361396339653232366539366161363339643763333664
38386434373663376164633636353438373663353662613761376330306261353335623834343635
64386430306637303339363738643461313765303037343139393162383937353862373362386564
31393239396338376131326438613265303266336564386363363830663634393366646238636239
31363734313832313332653036643638313536383533313335653866353233383034343039653339
37333933386665626435363335303265653037383466626138373131346265373862623763616165
32336163333431366164363262323033393038343766613339333764653864373835393462623961
33376661616331626261313863353363306430626462623561653635653030666333313165363639
36393862303164646534376330316133333366353335326434353331313966623139653065656366
63383232353565636332366336613631333166366238656538623364633933666337666263376664
34653066343136623133386639386561636432623562356535393833346631623561643538396365
30343339393265326137643436353130633435623030393763373533383435396331633037626432
34663832353531303131656566663563356630306162663964333866333463653931653237323636
33373235626533653163373466336366386636333336653139326365313362356661373437333835
34643137653335613864376564376663313461626634313566316539393064613564613738613162
61373663373934326561376630356235373437656463633362376536643132636233616636333738
65643837343464383663386361326366303031666561366633316336373065363338336133333033
30616338643438366637646330346534346230376139353632343537653530306138663765636637
61343962346337633830323239346664616564626430353433313361633865323466623133626536
31313236373162396335613734346163666534366332306437353239646132326463626462636563
64653736373163373062386530343264306335353633386432636438663535626664643934393961
33613866393036356263633236316537656339623730396632383861643262373633376239613063
61383839356262633566303432323332333764633235353230323438336137336632623665396337
64666531343265373833323037306464383964343061326131343735323634623437326530313662
36376439323233623837353365373761666634376133616161393230343935306264373330393164
36393632626438316364623130323266353264653938386131333239653862643031653335636465
36646164633562393539323163643861643163393433363138396162656534336639306336326433
33316266393663333761373130653133343539333439346534306638626531396266303238393830
38613038346235316666666565646661393535353434623636343164653762353936633262646166
61316666373331346638333031343134656439653734306266643764386131303039616435333863
31373161656638396339653764346364343939643530653064303239613161383032636264393736
38383162613738613263323239633864636561623932373966646434306365376631393961633830
63313631623333626638383463373237336461666233346238303465356235353334
