$ANSIBLE_VAULT;1.1;AES256
31636361326566386333643533653962336661373030313339343832306334636432363131656466
6666306230633334613834306561353331383435396465390a376337313361313334653361383034
30303366393266303034663130373265616236646630386466373761653839323335656238656163
6466653066643266370a633730396561323664313330343461626266643336653136366135613832
63613938383434653262323361323934613566633934313364623833363737613437363962616563
39623561353936626232646339633236366130393935643866346266336430383062653230316665
31653339646331356631333737323865376634633962613230356362336265386165386564306266
33616438323263633538646166366538383364386561653037363436633934646266333764313863
66336432363063626132363437393533333538376531653830616233646635666138323830396531
35643230613766306435333238363833663866643461373638643764656535393935373339333036
30393034613739313331613532326166316362336262643531326565313236353966376333386132
61366630396265653965643363356466333866303863666430646566333433633037316332646364
62353661343932366561646432613464366565626234333432373961616636373133633762356137
36623362346435356130353239646635353132326539346539356264336437363131306662643463
66646432643965343263353633623266393334646233326134646632353365666430643332626131
36393835323535336235333930646537373961393633323735333664343161303435336161313235
39343838623237653464363932623331373232653866313034643830303339646639343231613463
63633533646432643030383933383261636330626365373837663432383632626161333262396532
36653437346430333330373664343438356636646261306335376466636562323961353066326233
62643434363761353831353630656233663939373936363938383934666332646439303364313238
34393130393665363031343130643861336235376137376637623335343565356634656330636465
65383338303930323834346366653463376337346231323364326333333537363861356163613662
36316336643233393965633265623164303933646531636464343762316331306135396362633131
38303634363839373232636535333065653962313135356662373332306665643635623665313138
39643261626135643366306565376639373434626139383431313364376533613736663361333832
30613137373264613133656465396435636466663665613430366235393530396335363431316339
65396435373064396438656138373730393465303461333432386636316239336230366462326438
30653462653831386234663432303331343736653633636431663461353933343365633731613761
66626331656266316134323431303833633038663161313238306634663463343239356338313231
36663862623061383362343233363639383634393135323234373936373965353938313263663932
61616436666333626265613930663831613465303935613534663530303938333662326236303831
65306632333732633463653135663034663837363466396163646665373134643061303861356362
39653037303230643931623461613336366661363238303261343238353665633339366165636433
33613262373138373837636266336531623533643539633734306166623836623037393566313730
66376465333735343335313431633034356363353838333864653662303364643766323632646137
31373936653162343562343239373265633231653336363732636363336437363362313065633263
30303534623738663839666439616162653061633665333765333437346161633537643937313336
31616361336133326566316461653735393738363365646635633562343430616465353938323464
30343134616137336362633532613061336462363737636665643662353666613962326265333138
30663939346539386432393731323937646239303039663664613633646232363535653463353766
66333066623331366466326461633661383666386136323432656563373665653965376436333363
66666130666539326561303836353532343532646334393062353437643264356130343637353930
39303432616430386365313939623036623765306266653833636130643962316439643365646133
36613662643339313966366430303831366336356665393737393335333466313464313131326538
35653332313761396234623138343939633066336237363561636131346163343932636164633566
65663633653865306133383339323464323263346239623237383239373334623331366233653533
35626565336333613739613130653639363464303839616265306339636436316130366335613364
31356234303836383361643362346537363439343934663134376636613038636461643532323563
62633631633637366663326331343064323864613937353336363862393432376663333239346438
35363536663734343466383631353066623561393237336263313030363261346331623934333564
38386461313261613464316337393434333933353934633763613764353331383532306638356431
31313231656164653061613931363735646361613739613033613166306262333234373839633664
30656435626234366237373535376666326465333366663834336133623636643766643039396432
61626564376630353434626264333739376530303161383362653936326133633635656536363534
32643230643039373064363163303638353961386230633562363361313230303830353933656236
63616230396239306134383862663961393364396239613236653432366630653562343431666232
65366465383831373737656537363438633930653532613130616130333763623530626635346661
32633465613336633561613866333938643062356636313139303731363861343762653762646635
33393634363465666432343662326663636163663233326337313739396439303365306565356130
38346330343535303034343835376438383563636530643531313935386339306364393163636339
39643731323762613063303537626665303663666563316163396265373934393063613866346265
37343036363639383035346439663030623737643161356136633630323331616131333064303631
64376364396264653738396538626666336239333262363538363234613831633133636462633863
61326565393463656163663436666236336637616137653239343434316562346662393761383233
39623732623337303533366636356432333539313734366530393733663062383462666563323763
33653662386236626632666638356539656533323930616534643265343466393336343063616465
30643034373837373433303539633534626231383539383837663163356162303961376236396666
39363632326661343266653936306637373235303535306661366137313033613137633532616532
30613230663165613334616137306334363761613231633763613266636634363433393230393635
35643831656534646463356666643538383063373433626662666133383465396239666231353766
38383061656537383162316565623263666430623832383238363839366634353938666634666233
32666635643363363564383534623661616161656565613833373136316632366466323636643133
34646361393161643639333265306665346631336236366137343635396633613338656565303034
66643133343933386232616666306331373966316138643464393164666330303663343130636264
64333765663535636661626536666464333936326439656237616235643466373739396638633133
66336463623437396531633533363662343937343430393365333034633363313162616335636539
39393536343436346537373030373632383266353566336634623330313161623536353861393136
30323234313335663332323262613666643966343736313364376466656138326261613639623366
61663233623465363330393865326437643338386338303764373634393032306261616535636130
64346430336466666533303730663435393463616664363561363433326430656338616438386665
61313935373339373637323131626134393966303532313836373061623335656563663362386133
39333132343763633038303562313662303232656661613064316133373035613935366230383137
34633162313939336633326533356137333265626337386165343230316336636431623761373666
37653132303765396561363166643163326263383337396466346434616236653364363764383234
32356138323361386634376165616436366363666538633462626566383939346538663061303565
37346430313330383430616636346637373361306366333463333964326239346234643166386464
34636133303236643063373162633066373837383164383239613564323963653630363831626134
62636632623534623762633464623363376462666435363263363134383262386330646465343561
32353139323132393832346263303938616634326565393833343331356563333831
